0 0.001502 0.094349 100.000000 9.090909
0 0.014450 0.940394 200.000000 7.633588
0 0.010211 1.287401 300.000000 7.159904
0 0.007398 0.948235 400.000000 6.896552
0 0.005840 0.341062 500.000000 7.278020
0 0.000127 0.030594 600.000000 7.272727
0 0.004382 0.145919 700.000000 7.186858
0 0.003599 0.385193 800.000000 7.305936
10 0.003533 0.063649 100.000000 8.849558
10 0.014370 1.019292 200.000000 7.722008
10 0.006886 1.332219 300.000000 7.075472
10 0.007213 0.924907 400.000000 6.932409
10 0.005789 0.326418 500.000000 7.320644
10 0.000044 0.022189 600.000000 7.290401
10 0.004344 0.176669 700.000000 7.201646
10 0.003415 0.409301 800.000000 7.332722
20 0.022934 0.102416 100.000000 8.196721
20 0.014297 1.099803 200.000000 7.782101
20 0.003503 1.364805 300.000000 7.042253
20 0.007165 0.898926 400.000000 6.968641
20 0.005750 0.306202 500.000000 7.352941
20 0.000055 0.022256 600.000000 7.299270
20 0.004337 0.200401 700.000000 7.209063
20 0.003267 0.430018 800.000000 7.352941
30 0.030544 0.263640 100.000000 7.751938
30 0.014205 1.181602 200.000000 7.782101
30 0.002324 1.387559 300.000000 7.009346
30 0.007169 0.852491 400.000000 6.980803
30 0.005841 0.272456 500.000000 7.374631
30 0.000039 0.022761 600.000000 7.299270
30 0.004332 0.222712 700.000000 7.194244
30 0.003385 0.449770 800.000000 7.359705
40 0.030509 0.473015 100.000000 7.575758
40 0.013840 1.285948 200.000000 7.692307
40 0.002369 1.411405 300.000000 6.993007
40 0.007111 0.799929 400.000000 6.956522
40 0.005873 0.231825 500.000000 7.374631
40 0.000060 0.018834 600.000000 7.281553
40 0.004252 0.252784 700.000000 7.150153
40 0.003487 0.477063 800.000000 7.352941
50 0.030370 0.715208 100.000000 7.407407
50 0.012790 1.393198 200.000000 7.575758
50 0.002356 1.438818 300.000000 6.976744
50 0.007035 0.745801 400.000000 6.932409
50 0.005936 0.192637 500.000000 7.363770
50 0.000295 0.021192 600.000000 7.194244
50 0.004019 0.287850 700.000000 7.113821
50 0.003456 0.505353 800.000000 7.332722
60 0.029980 0.952279 100.000000 7.194244
60 0.012560 1.501325 200.000000 7.407407
60 0.002209 1.463223 300.000000 6.944445
60 0.007218 0.693107 400.000000 6.920415
60 0.005960 0.151016 500.000000 7.352941
60 0.004338 0.030589 600.000000 7.050529
60 0.004089 0.320686 700.000000 7.099391
60 0.003556 0.533803 800.000000 7.305936
70 0.029814 1.176197 100.000000 6.944445
70 0.013825 1.602796 200.000000 7.220217
70 0.001927 1.484888 300.000000 6.849315
70 0.007260 0.636021 400.000000 6.908463
70 0.006032 0.109908 500.000000 7.331378
70 0.004992 0.067008 600.000000 6.993007
70 0.004177 0.354057 700.000000 7.092198
70 0.003523 0.559658 800.000000 7.252946
80 0.028706 1.394923 100.000000 6.711410
80 0.013708 1.711753 200.000000 6.968641
80 0.003671 1.480860 300.000000 6.622517
80 0.007267 0.582548 400.000000 6.896552
80 0.005901 0.067671 500.000000 7.278020
80 0.005069 0.102660 600.000000 6.960557
80 0.004220 0.381078 700.000000 7.092198
80 0.002486 0.583712 800.000000 7.111111
90 0.028228 1.618642 100.000000 6.535948
90 0.012456 1.811647 200.000000 6.711410
90 0.010203 1.412335 300.000000 6.396588
90 0.007245 0.529270 400.000000 6.884682
90 0.005296 0.030611 500.000000 7.173601
90 0.005066 0.142914 600.000000 6.936416
90 0.004235 0.415032 700.000000 7.085020
90 0.000634 0.598950 800.000000 7.048458
100 0.027547 1.824882 100.000000 6.451613
100 0.012247 1.893574 200.000000 6.578948
100 0.009925 1.349876 300.000000 6.342494
100 0.007042 0.485279 400.000000 6.884682
100 0.001427 0.015501 500.000000 7.002801
100 0.004950 0.183987 600.000000 6.928406
100 0.004094 0.450749 700.000000 7.085020
100 0.000547 0.602169 800.000000 7.023705
110 0.027555 1.967993 100.000000 6.535948
110 0.014932 1.954890 200.000000 6.451613
110 0.009355 1.302033 300.000000 6.369427
110 0.006951 0.458260 400.000000 6.920415
110 0.000197 0.016763 500.000000 6.983240
110 0.004884 0.216875 600.000000 6.936416
110 0.003889 0.477710 700.000000 7.099391
110 0.000951 0.598667 800.000000 7.029877
120 0.030950 2.042394 100.000000 6.756757
120 0.010201 2.016121 200.000000 6.410256
120 0.010361 1.206810 300.000000 6.437768
120 0.007791 0.384809 400.000000 6.993007
120 0.000388 0.046340 500.000000 7.022472
120 0.005032 0.155298 600.000000 6.968641
120 0.004220 0.430888 700.000000 7.135576
120 0.000616 0.559426 800.000000 7.060900
130 0.023303 1.869476 100.000000 6.993007
130 0.002045 1.840353 200.000000 6.451613
130 0.007772 0.885781 300.000000 6.521739
130 0.005799 0.186658 400.000000 7.067138
130 0.002139 0.191216 500.000000 7.072136
130 0.003617 0.038730 600.000000 7.009346
130 0.003653 0.242820 700.000000 7.179487
130 0.000451 0.407079 800.000000 7.098492
140 0.012460 1.143339 100.000000 7.299270
140 0.005637 1.119545 200.000000 6.535948
140 0.004133 0.285826 300.000000 6.607930
140 0.003077 0.085518 400.000000 7.142857
140 0.004333 0.328466 500.000000 7.122507
140 0.001782 0.266198 600.000000 7.050529
140 0.002131 0.067557 700.000000 7.231405
140 0.001866 0.128500 800.000000 7.130125
150 0.004124 0.353902 100.000000 7.575758
150 0.011020 0.308699 200.000000 6.622517
150 0.001324 0.224648 300.000000 6.681514
150 0.000935 0.264551 400.000000 7.220217
150 0.006025 0.376342 500.000000 7.173601
150 0.000390 0.397637 600.000000 7.083825
150 0.000879 0.286922 700.000000 7.268951
150 0.002993 0.110152 800.000000 7.162041
160 0.002425 0.169304 100.000000 7.751938
160 0.012649 0.074648 200.000000 6.666667
160 0.000687 0.344766 300.000000 6.741573
160 0.000361 0.300209 400.000000 7.272727
160 0.006063 0.397465 500.000000 7.204611
160 0.000149 0.420732 600.000000 7.092198
160 0.000477 0.334797 700.000000 7.299270
160 0.003295 0.151106 800.000000 7.174888
170 0.002937 0.185516 100.000000 7.751938
170 0.012601 0.089781 200.000000 6.711410
170 0.000709 0.350837 300.000000 6.756757
170 0.000315 0.302303 400.000000 7.312614
170 0.006045 0.428407 500.000000 7.215007
170 0.000146 0.420459 600.000000 7.083825
170 0.000397 0.332018 700.000000 7.314525
170 0.002971 0.135187 800.000000 7.162041
180 0.003856 0.196904 100.000000 7.692307
180 0.012698 0.162223 200.000000 6.734007
180 0.000705 0.361872 300.000000 6.772009
180 0.000193 0.305026 400.000000 7.326007
180 0.005957 0.457842 500.000000 7.173601
180 0.000316 0.419467 600.000000 7.058824
180 0.000404 0.331932 700.000000 7.314525
180 0.000979 0.126027 800.000000 7.117438
190 0.005479 0.225285 100.000000 7.575758
190 0.012862 0.232965 200.000000 6.756757
190 0.000643 0.368530 300.000000 6.787330
190 0.000155 0.305771 400.000000 7.352941
190 0.004111 0.488405 500.000000 7.072136
190 0.000355 0.416361 600.000000 7.058824
190 0.000344 0.329497 700.000000 7.306890
190 0.000093 0.124676 800.000000 7.085917
200 0.004580 0.228288 100.000000 7.518797
200 0.013225 0.335557 200.000000 6.779661
200 0.000344 0.381697 300.000000 6.818182
200 0.000046 0.305365 400.000000 7.366483
200 0.000828 0.500035 500.000000 6.993007
200 0.000197 0.417335 600.000000 7.075472
200 0.000255 0.335077 700.000000 7.306890
200 0.000132 0.132031 800.000000 7.079646
210 0.003041 0.241519 100.000000 7.407407
210 0.013566 0.406203 200.000000 6.779661
210 0.000299 0.385662 300.000000 6.864988
210 0.000104 0.304150 400.000000 7.393715
210 0.000090 0.500611 500.000000 6.983240
210 0.000154 0.417148 600.000000 7.100592
210 0.000245 0.335342 700.000000 7.291667
210 0.000161 0.134125 800.000000 7.092198
220 0.001493 0.158315 100.000000 7.352941
220 0.015576 0.540907 200.000000 6.688963
220 0.000155 0.403014 300.000000 6.912442
220 0.000224 0.293950 400.000000 7.421150
220 0.000238 0.492296 500.000000 6.993007
220 0.000150 0.424316 600.000000 7.125891
220 0.000375 0.351727 700.000000 7.231405
220 0.000093 0.148220 800.000000 7.104796
230 0.001987 0.131008 100.000000 7.142857
230 0.006464 0.623404 200.000000 6.514658
230 0.000192 0.407070 300.000000 6.944445
230 0.000206 0.288527 400.000000 7.407407
230 0.000368 0.491510 500.000000 7.002801
230 0.000186 0.427820 600.000000 7.151371
230 0.001654 0.349972 700.000000 7.150153
230 0.000068 0.152744 800.000000 7.123775
240 0.003023 0.122794 100.000000 6.896552
240 0.000714 0.647296 200.000000 6.329114
240 0.000260 0.407581 300.000000 6.976744
240 0.000236 0.283536 400.000000 7.352941
240 0.000437 0.491289 500.000000 7.012623
240 0.000230 0.432178 600.000000 7.168459
240 0.003095 0.337420 700.000000 7.121058
240 0.000045 0.155870 800.000000 7.136485
250 0.003398 0.114021 100.000000 6.711410
250 0.001513 0.648314 200.000000 6.269592
250 0.000288 0.406303 300.000000 7.009346
250 0.003349 0.291759 400.000000 7.194244
250 0.000436 0.491917 500.000000 7.012623
250 0.000230 0.435509 600.000000 7.185629
250 0.004305 0.320328 700.000000 7.106599
250 0.000061 0.158160 800.000000 7.142857
260 0.000579 0.140940 100.000000 6.369427
260 0.000465 0.632422 200.000000 6.269592
260 0.000147 0.405839 300.000000 7.042253
260 0.006965 0.337339 400.000000 7.092198
260 0.000367 0.497172 500.000000 7.012623
260 0.000042 0.435357 600.000000 7.194244
260 0.004029 0.289384 700.000000 7.099391
260 0.000047 0.156926 800.000000 7.149240
270 0.017345 0.087281 100.000000 5.952381
270 0.000194 0.621595 200.000000 6.269592
270 0.000098 0.405921 300.000000 7.058824
270 0.007212 0.388600 400.000000 7.067138
270 0.000335 0.502891 500.000000 6.993007
270 0.000315 0.431860 600.000000 7.202881
270 0.003836 0.263703 700.000000 7.099391
270 0.000045 0.156016 800.000000 7.155635
280 0.026156 0.122385 100.000000 5.813953
280 0.000263 0.621678 200.000000 6.289308
280 0.000209 0.404599 300.000000 7.075472
280 0.007152 0.430502 400.000000 7.067138
280 0.000375 0.505240 500.000000 6.983240
280 0.000396 0.428286 600.000000 7.211538
280 0.003991 0.236511 700.000000 7.099391
280 0.000095 0.155465 800.000000 7.168459
290 0.027708 0.323957 100.000000 5.813953
290 0.000399 0.630041 200.000000 6.309148
290 0.000442 0.393277 300.000000 7.109005
290 0.006954 0.456030 400.000000 7.067138
290 0.000454 0.503237 500.000000 6.963789
290 0.000251 0.429641 600.000000 7.220217
290 0.004096 0.222400 700.000000 7.092198
290 0.000157 0.154715 800.000000 7.181329
300 0.028116 0.508027 100.000000 5.882353
300 0.000630 0.633550 200.000000 6.329114
300 0.000671 0.378158 300.000000 7.159904
300 0.006816 0.474878 400.000000 7.067138
300 0.000418 0.500736 500.000000 6.944445
300 0.000295 0.432655 600.000000 7.237636
300 0.003401 0.201192 700.000000 7.063572
300 0.000223 0.152619 800.000000 7.200720
310 0.029462 0.749241 100.000000 5.952381
310 0.001068 0.633731 200.000000 6.369427
310 0.001142 0.332718 300.000000 7.194244
310 0.006603 0.462238 400.000000 7.017544
310 0.000428 0.486590 500.000000 6.934813
310 0.000384 0.440762 600.000000 7.246377
310 0.001415 0.205280 700.000000 7.028112
310 0.000368 0.145595 800.000000 7.220217
320 0.031164 1.000031 100.000000 6.024096
320 0.001824 0.617442 200.000000 6.410256
320 0.001658 0.271684 300.000000 7.246377
320 0.006495 0.434387 400.000000 6.932409
320 0.000669 0.468900 500.000000 6.944445
320 0.000569 0.450311 600.000000 7.255139
320 0.000694 0.210655 700.000000 7.007007
320 0.000530 0.134169 800.000000 7.246377
330 0.031079 1.121471 100.000000 6.097561
330 0.001913 0.610875 200.000000 6.472492
330 0.001570 0.280023 300.000000 7.299270
330 0.002506 0.479237 400.000000 6.861063
330 0.000705 0.480389 500.000000 6.973501
330 0.000542 0.452737 600.000000 7.263923
330 0.000553 0.203825 700.000000 7.007007
330 0.000432 0.134517 800.000000 7.266122
340 0.030780 1.191311 100.000000 6.172840
340 0.001572 0.615218 200.000000 6.535948
340 0.001381 0.309318 300.000000 7.352941
340 0.001084 0.526798 400.000000 6.849315
340 0.000611 0.497399 500.000000 7.012623
340 0.000404 0.451444 600.000000 7.263923
340 0.000407 0.197554 700.000000 7.028112
340 0.000306 0.140440 800.000000 7.292616
350 0.028136 1.137377 100.000000 6.134969
350 0.000509 0.682224 200.000000 6.622517
350 0.000361 0.457138 300.000000 7.389163
350 0.000177 0.662578 400.000000 6.872852
350 0.000105 0.539231 500.000000 7.052186
350 0.000314 0.430322 600.000000 7.228916
350 0.000195 0.187363 700.000000 7.049345
350 0.000174 0.173434 800.000000 7.326007
360 0.026007 1.249217 100.000000 6.024096
360 0.000247 0.677908 200.000000 6.734007
360 0.000198 0.449443 300.000000 7.444169
360 0.000288 0.658280 400.000000 6.920415
360 0.000146 0.537536 500.000000 7.092198
360 0.000871 0.427021 600.000000 7.168459
360 0.000132 0.187534 700.000000 7.077857
360 0.000097 0.172194 800.000000 7.359705
370 0.008462 1.426443 100.000000 5.917160
370 0.001288 0.585915 200.000000 6.825939
370 0.000950 0.298641 300.000000 7.481297
370 0.001006 0.551495 400.000000 6.956522
370 0.000647 0.507499 500.000000 7.142857
370 0.001693 0.437987 600.000000 7.142857
370 0.000287 0.186950 700.000000 7.113821
370 0.000299 0.136524 800.000000 7.400555
380 0.002714 1.438692 100.000000 5.813953
380 0.001638 0.551002 200.000000 6.944445
380 0.000871 0.254535 300.000000 7.500000
380 0.001187 0.527905 400.000000 7.005254
380 0.000790 0.500772 500.000000 7.194244
380 0.002814 0.428655 600.000000 7.142857
380 0.000374 0.183705 700.000000 7.150153
380 0.000408 0.124367 800.000000 7.434944
390 0.006560 1.419361 100.000000 5.813953
390 0.002150 0.493160 200.000000 7.067138
390 0.000284 0.189401 300.000000 7.444169
390 0.001410 0.488268 400.000000 7.054674
390 0.000985 0.490549 500.000000 7.235890
390 0.003667 0.416182 600.000000 7.159904
390 0.000519 0.176561 700.000000 7.179487
390 0.000563 0.105229 800.000000 7.476635
400 0.005916 1.375045 100.000000 5.847953
400 0.002006 0.483191 200.000000 7.168459
400 0.004559 0.209211 300.000000 7.317073
400 0.001363 0.498008 400.000000 7.092198
400 0.000900 0.496479 500.000000 7.278020
400 0.004634 0.395858 600.000000 7.168459
400 0.000510 0.173762 700.000000 7.209063
400 0.000583 0.102499 800.000000 7.511737
410 0.003449 1.363647 100.000000 5.988024
410 0.001293 0.546709 200.000000 7.299270
410 0.007801 0.325564 300.000000 7.317073
410 0.001028 0.559338 400.000000 7.142857
410 0.000543 0.518688 500.000000 7.331378
410 0.005227 0.375266 600.000000 7.202881
410 0.000304 0.181005 700.000000 7.246377
410 0.000442 0.123316 800.000000 7.547170
420 0.002436 1.405514 100.000000 6.211180
420 0.001349 0.837214 200.000000 7.462687
420 0.010398 0.708212 300.000000 7.371007
420 0.000300 0.763862 400.000000 7.194244
420 0.000657 0.572848 500.000000 7.396450
420 0.004122 0.336804 600.000000 7.246377
420 0.000459 0.217739 700.000000 7.284079
420 0.000205 0.220592 800.000000 7.597341
430 0.010395 1.384567 100.000000 6.410256
430 0.005159 1.200771 200.000000 7.633588
430 0.007759 1.175387 300.000000 7.462687
430 0.002209 0.960445 400.000000 7.259528
430 0.002346 0.577704 500.000000 7.462687
430 0.002742 0.255179 600.000000 7.290401
430 0.001540 0.256494 700.000000 7.329843
430 0.001155 0.345865 800.000000 7.648183
440 0.020116 1.182292 100.000000 6.622517
440 0.010011 1.468214 200.000000 7.782101
440 0.004640 1.513768 300.000000 7.537688
440 0.004624 1.000549 400.000000 7.312614
440 0.004477 0.456101 500.000000 7.518797
440 0.001134 0.118231 600.000000 7.334963
440 0.002867 0.266816 700.000000 7.376185
440 0.002348 0.445723 800.000000 7.684918
450 0.025640 1.066357 100.000000 6.756757
450 0.012733 1.520827 200.000000 7.905138
450 0.002809 1.567054 300.000000 7.575758
450 0.005987 0.899374 400.000000 7.326007
450 0.005582 0.323408 500.000000 7.552870
450 0.000371 0.032832 600.000000 7.352941
450 0.003602 0.263449 700.000000 7.399577
450 0.003025 0.472408 800.000000 7.714561
460 0.027283 1.176821 100.000000 6.802721
460 0.013275 1.594795 200.000000 7.936508
460 0.002430 1.573742 300.000000 7.575758
460 0.006372 0.829996 400.000000 7.299270
460 0.005658 0.258614 500.000000 7.564297
460 0.000184 0.012722 600.000000 7.343941
460 0.003804 0.281279 700.000000 7.415254
460 0.003203 0.490289 800.000000 7.722008
470 0.027313 1.350027 100.000000 6.802721
470 0.013141 1.683473 200.000000 7.968128
470 0.002519 1.597271 300.000000 7.537688
470 0.006603 0.781122 400.000000 7.233273
470 0.005564 0.225257 500.000000 7.564297
470 0.001017 0.016423 600.000000 7.290401
470 0.003799 0.306578 700.000000 7.430998
470 0.003437 0.512824 800.000000 7.707129
480 0.027682 1.552138 100.000000 6.756757
480 0.013052 1.772542 200.000000 8.000000
480 0.001147 1.614453 300.000000 7.371007
480 0.006928 0.733032 400.000000 7.207207
480 0.005625 0.181059 500.000000 7.552870
480 0.003985 0.040292 600.000000 7.211538
480 0.003820 0.333664 700.000000 7.438895
480 0.003453 0.534621 800.000000 7.677543
490 0.027377 1.728350 100.000000 6.802721
490 0.013218 1.857468 200.000000 8.032128
490 0.005857 1.583292 300.000000 7.159904
490 0.006914 0.682209 400.000000 7.207207
490 0.005552 0.141694 500.000000 7.530120
490 0.004541 0.071031 600.000000 7.177033
490 0.003937 0.354571 700.000000 7.454739
490 0.003267 0.556751 800.000000 7.504691
500 0.027808 1.879815 100.000000 6.896552
500 0.013364 1.936859 200.000000 8.064516
500 0.008737 1.522217 300.000000 7.092198
500 0.006924 0.630022 400.000000 7.233273
500 0.005670 0.103865 500.000000 7.518797
500 0.004690 0.101075 600.000000 7.177033
500 0.004078 0.378380 700.000000 7.478632
500 0.003339 0.577354 800.000000 7.469655
510 0.028132 2.005551 100.000000 7.092198
510 0.013603 1.997222 200.000000 8.163265
510 0.009116 1.473758 300.000000 7.125891
510 0.006989 0.600998 400.000000 7.299270
510 0.005903 0.073232 500.000000 7.485030
510 0.004798 0.116319 600.000000 7.211538
510 0.004126 0.395029 700.000000 7.518797
510 0.003355 0.592816 800.000000 7.483630
520 0.030337 2.071492 100.000000 7.407407
520 0.015463 2.047560 200.000000 8.298756
520 0.010426 1.360100 300.000000 7.211538
520 0.007649 0.496579 400.000000 7.366483
520 0.005401 0.011101 500.000000 7.440476
520 0.004950 0.129733 600.000000 7.255139
520 0.004249 0.407802 700.000000 7.567567
520 0.003890 0.607109 800.000000 7.518797
530 0.020384 1.802322 100.000000 7.692307
530 0.010410 1.763053 200.000000 8.438819
530 0.007223 0.914101 300.000000 7.299270
530 0.005212 0.236130 400.000000 7.448790
530 0.002369 0.142066 500.000000 7.418397
530 0.003302 0.116244 600.000000 7.308161
530 0.002869 0.351142 700.000000 7.616975
530 0.002724 0.520949 800.000000 7.561437
540 0.008745 0.916042 100.000000 8.130081
540 0.004483 0.895172 200.000000 8.620689
540 0.003415 0.161883 300.000000 7.389163
540 0.002352 0.113986 400.000000 7.532957
540 0.001094 0.228100 500.000000 7.440476
540 0.001357 0.064513 600.000000 7.361963
540 0.001229 0.176234 700.000000 7.675438
540 0.001254 0.265491 800.000000 7.604563
550 0.000903 0.199656 100.000000 8.547009
550 0.000138 0.150137 200.000000 8.695652
550 0.000810 0.373445 300.000000 7.500000
550 0.000406 0.318019 400.000000 7.619048
550 0.003703 0.222462 500.000000 7.473842
550 0.000040 0.016400 600.000000 7.416564
550 0.000130 0.031008 700.000000 7.726269
550 0.000259 0.043004 800.000000 7.648183
560 0.002134 0.279563 100.000000 8.849558
560 0.003343 0.238240 200.000000 8.620689
560 0.000269 0.556888 300.000000 7.556675
560 0.000375 0.376565 400.000000 7.692307
560 0.005684 0.188495 500.000000 7.485030
560 0.000469 0.019493 600.000000 7.453416
560 0.000275 0.053425 700.000000 7.777778
560 0.000115 0.064749 800.000000 7.684918
570 0.001961 0.247527 100.000000 9.090909
570 0.010225 0.231689 200.000000 8.298756
570 0.000164 0.530440 300.000000 7.594937
570 0.000358 0.368087 400.000000 7.736944
570 0.005742 0.162822 500.000000 7.485030
570 0.000400 0.017991 600.000000 7.481297
570 0.000175 0.045418 700.000000 7.812500
570 0.000051 0.051582 800.000000 7.707129
580 0.000267 0.125122 100.000000 9.259259
580 0.014603 0.142038 200.000000 8.097166
580 0.000421 0.437820 300.000000 7.575758
580 0.000218 0.343449 400.000000 7.751938
580 0.005433 0.143778 500.000000 7.485030
580 0.000130 0.010190 600.000000 7.490637
580 0.000114 0.020685 700.000000 7.838746
580 0.000181 0.025344 800.000000 7.722008
590 0.000108 0.121698 100.000000 9.345795
590 0.014393 0.195676 200.000000 8.032128
590 0.000575 0.427954 300.000000 7.537688
590 0.000607 0.336511 400.000000 7.751938
590 0.005394 0.105127 500.000000 7.473842
590 0.000025 0.008467 600.000000 7.500000
590 0.000190 0.019845 700.000000 7.856341
590 0.000219 0.031653 800.000000 7.736944
600 0.000408 0.103921 100.000000 9.345795
600 0.014316 0.286646 200.000000 8.000000
600 0.000534 0.437247 300.000000 7.481297
600 0.000557 0.332465 400.000000 7.766990
600 0.005629 0.075973 500.000000 7.462687
600 0.000077 0.007268 600.000000 7.509387
600 0.000222 0.018340 700.000000 7.865169
600 0.000225 0.030525 800.000000 7.751938
610 0.000833 0.104401 100.000000 9.523809
610 0.014084 0.357882 200.000000 7.968128
610 0.000593 0.435082 300.000000 7.425743
610 0.000333 0.330688 400.000000 7.766990
610 0.005481 0.045183 500.000000 7.429420
610 0.000117 0.006896 600.000000 7.528231
610 0.000166 0.021455 700.000000 7.865169
610 0.000271 0.037883 800.000000 7.759457
620 0.001210 0.118654 100.000000 9.615385
620 0.013778 0.425424 200.000000 7.874016
620 0.000206 0.434588 300.000000 7.352941
620 0.000323 0.330928 400.000000 7.766990
620 0.002601 0.025297 500.000000 7.342144
620 0.000132 0.008034 600.000000 7.547170
620 0.000085 0.022947 700.000000 7.838746
620 0.000334 0.043324 800.000000 7.774539
630 0.001432 0.116609 100.000000 9.615385
630 0.011733 0.522155 200.000000 7.518797
630 0.000129 0.435348 300.000000 7.334963
630 0.000347 0.329978 400.000000 7.736944
630 0.000310 0.021853 500.000000 7.267442
630 0.000116 0.008157 600.000000 7.556675
630 0.000074 0.021309 700.000000 7.769145
630 0.000375 0.044819 800.000000 7.789679
640 0.001014 0.078378 100.000000 9.615385
640 0.002038 0.615841 200.000000 7.220217
640 0.000185 0.445820 300.000000 7.334963
640 0.000291 0.320246 400.000000 7.707129
640 0.000022 0.020477 500.000000 7.225433
640 0.000094 0.005083 600.000000 7.566204
640 0.000141 0.014174 700.000000 7.567567
640 0.000345 0.030405 800.000000 7.797271
650 0.000886 0.071825 100.000000 9.433962
650 0.000455 0.630487 200.000000 7.117438
650 0.000222 0.448197 300.000000 7.334963
650 0.000449 0.316686 400.000000 7.561437
650 0.000131 0.019183 500.000000 7.215007
650 0.000121 0.004783 600.000000 7.575758
650 0.000185 0.012872 700.000000 7.534984
650 0.000365 0.029969 800.000000 7.804878
660 0.000384 0.071690 100.000000 9.174312
660 0.000728 0.637808 200.000000 7.067138
660 0.000266 0.450214 300.000000 7.334963
660 0.002818 0.302635 400.000000 7.299270
660 0.000116 0.016335 500.000000 7.215007
660 0.000031 0.004931 600.000000 7.585335
660 0.000192 0.013190 700.000000 7.526882
660 0.000365 0.032869 800.000000 7.812500
670 0.003246 0.061665 100.000000 8.403361
670 0.000712 0.648525 200.000000 7.017544
670 0.000249 0.453892 300.000000 7.334963
670 0.006180 0.258052 400.000000 7.194244
670 0.000146 0.016179 500.000000 7.215007
670 0.000021 0.004865 600.000000 7.604563
670 0.000166 0.012756 700.000000 7.526882
670 0.000368 0.034259 800.000000 7.827789
680 0.021877 0.097686 100.000000 7.407407
680 0.000764 0.646421 200.000000 6.968641
680 0.000170 0.463626 300.000000 7.334963
680 0.007478 0.223106 400.000000 7.142857
680 0.000098 0.014964 500.000000 7.204611
680 0.000134 0.004780 600.000000 7.623888
680 0.000228 0.020054 700.000000 7.534984
680 0.000415 0.048984 800.000000 7.835455
690 0.029282 0.279872 100.000000 7.092198
690 0.000754 0.653482 200.000000 6.896552
690 0.000478 0.462083 300.000000 7.317073
690 0.006710 0.165270 400.000000 7.117438
690 0.000104 0.015725 500.000000 7.204611
690 0.000181 0.006080 600.000000 7.633588
690 0.000239 0.024042 700.000000 7.534984
690 0.000429 0.054934 800.000000 7.850834
700 0.028873 0.486155 100.000000 6.944445
700 0.000829 0.661220 200.000000 6.825939
700 0.000895 0.453468 300.000000 7.317073
700 0.006860 0.127262 400.000000 7.092198
700 0.000058 0.012428 500.000000 7.204611
700 0.000215 0.006441 600.000000 7.643312
700 0.000236 0.024474 700.000000 7.543103
700 0.000420 0.057528 800.000000 7.858546
710 0.028972 0.731551 100.000000 6.849315
710 0.000594 0.670729 200.000000 6.711410
710 0.000688 0.431590 300.000000 7.299270
710 0.006879 0.071537 400.000000 7.054674
710 0.000013 0.011552 500.000000 7.215007
710 0.000158 0.005912 600.000000 7.633588
710 0.000184 0.018333 700.000000 7.551240
710 0.000369 0.048030 800.000000 7.866273
720 0.028878 0.960915 100.000000 6.666667
720 0.000282 0.672551 200.000000 6.578948
720 0.000649 0.419907 300.000000 7.281553
720 0.004556 0.045966 400.000000 6.956522
720 0.000064 0.009881 500.000000 7.215007
720 0.000225 0.004274 600.000000 7.604563
720 0.000207 0.016840 700.000000 7.559395
720 0.000349 0.046018 800.000000 7.866273
730 0.027246 1.153654 100.000000 6.250000
730 0.000817 0.660148 200.000000 6.514658
730 0.000794 0.398041 300.000000 7.246377
730 0.000238 0.055669 400.000000 6.837607
730 0.000131 0.011266 500.000000 7.225433
730 0.000213 0.005885 600.000000 7.547170
730 0.000211 0.013571 700.000000 7.567567
730 0.000326 0.039427 800.000000 7.858546
740 0.005475 1.275589 100.000000 5.780347
740 0.000616 0.651385 200.000000 6.514658
740 0.000590 0.388236 300.000000 7.194244
740 0.000224 0.053828 400.000000 6.791172
740 0.000264 0.012057 500.000000 7.235890
740 0.000029 0.006122 600.000000 7.308161
740 0.000259 0.014474 700.000000 7.575758
740 0.000459 0.039729 800.000000 7.858546
750 0.000544 1.295644 100.000000 5.649717
750 0.000574 0.635802 200.000000 6.535948
750 0.000705 0.365088 300.000000 7.109005
750 0.000409 0.061624 400.000000 6.791172
750 0.000378 0.012506 500.000000 7.256894
750 0.000024 0.008051 600.000000 7.272727
750 0.000250 0.011868 700.000000 7.592191
750 0.000404 0.034797 800.000000 7.850834
760 0.000651 1.294685 100.000000 5.649717
760 0.000348 0.657705 200.000000 6.600660
760 0.001544 0.387709 300.000000 6.912442
760 0.000308 0.043450 400.000000 6.814310
760 0.000223 0.008284 500.000000 7.288630
760 0.000136 0.004650 600.000000 7.272727
760 0.000329 0.018694 700.000000 7.616975
760 0.000142 0.049062 800.000000 7.850834
770 0.001204 1.305026 100.000000 5.714286
770 0.000297 0.677735 200.000000 6.666667
770 0.004574 0.386486 300.000000 6.802721
770 0.000221 0.033034 400.000000 6.849315
770 0.000085 0.009285 500.000000 7.331378
770 0.000167 0.003071 600.000000 7.299270
770 0.000379 0.025978 700.000000 7.650273
770 0.000179 0.057676 800.000000 7.850834
780 0.002345 1.336613 100.000000 5.813953
780 0.000776 0.746628 200.000000 6.756757
780 0.006667 0.437955 300.000000 6.802721
780 0.000051 0.047661 400.000000 6.896552
780 0.000171 0.019924 500.000000 7.396450
780 0.000334 0.009298 600.000000 7.343941
780 0.000545 0.048305 700.000000 7.700770
780 0.000097 0.087963 800.000000 7.843137
790 0.005442 1.407336 100.000000 5.988024
790 0.002378 0.944516 200.000000 6.896552
790 0.007134 0.648629 300.000000 6.864988
790 0.000852 0.168309 400.000000 6.968641
790 0.000859 0.054598 500.000000 7.462687
790 0.000885 0.032127 600.000000 7.398274
790 0.001009 0.112701 700.000000 7.751938
790 0.001029 0.181159 800.000000 7.835455
800 0.011451 1.484257 100.000000 6.211180
800 0.005355 1.275555 200.000000 7.042253
800 0.006574 1.024472 300.000000 6.928406
800 0.002389 0.393962 400.000000 7.042253
800 0.002114 0.116898 500.000000 7.541478
800 0.001914 0.073468 600.000000 7.462687
800 0.001884 0.224947 700.000000 7.812500
800 0.002673 0.344997 800.000000 7.835455
810 0.019994 1.423042 100.000000 6.451613
810 0.009516 1.562204 200.000000 7.220217
810 0.004561 1.417352 300.000000 7.009346
810 0.004512 0.641133 400.000000 7.117438
810 0.003846 0.181260 500.000000 7.621951
810 0.003343 0.122135 600.000000 7.518797
810 0.003109 0.346590 700.000000 7.874016
810 0.003374 0.516120 800.000000 7.812500
820 0.028119 1.214081 100.000000 6.622517
820 0.013281 1.625437 200.000000 7.326007
820 0.002590 1.578622 300.000000 7.075472
820 0.006530 0.763001 400.000000 7.181329
820 0.005519 0.210443 500.000000 7.692307
820 0.004718 0.151243 600.000000 7.566204
820 0.004298 0.405850 700.000000 7.918552
820 0.001352 0.587832 800.000000 7.782101
830 0.030760 1.229958 100.000000 6.666667
830 0.013933 1.646169 200.000000 7.407407
830 0.002248 1.565344 300.000000 7.109005
830 0.007192 0.749300 400.000000 7.220217
830 0.006073 0.191186 500.000000 7.739938
830 0.005157 0.169567 600.000000 7.604563
830 0.004303 0.421473 700.000000 7.963595
830 0.000469 0.589183 800.000000 7.766990
840 0.030489 1.413457 100.000000 6.622517
840 0.013138 1.728596 200.000000 7.462687
840 0.002263 1.547712 300.000000 7.109005
840 0.007269 0.706376 400.000000 7.246377
840 0.006025 0.159904 500.000000 7.776050
840 0.005087 0.194752 600.000000 7.633588
840 0.004366 0.443562 700.000000 7.990868
840 0.000304 0.593995 800.000000 7.766990
850 0.030184 1.590912 100.000000 6.535948
850 0.013463 1.815557 200.000000 7.490637
850 0.002023 1.528143 300.000000 7.109005
850 0.007269 0.662518 400.000000 7.272727
850 0.006042 0.123915 500.000000 7.788162
850 0.005070 0.225099 600.000000 7.653061
850 0.004390 0.468596 700.000000 8.009153
850 0.000298 0.598059 800.000000 7.782101
860 0.029841 1.753540 100.000000 6.451613
860 0.013773 1.904584 200.000000 7.518797
860 0.002524 1.507397 300.000000 7.075472
860 0.007214 0.612991 400.000000 7.299270
860 0.005827 0.093198 500.000000 7.800312
860 0.005056 0.251408 600.000000 7.682458
860 0.004413 0.493046 700.000000 8.027523
860 0.000301 0.602127 800.000000 7.804878
870 0.028338 1.901138 100.000000 6.410256
870 0.013643 1.978250 200.000000 7.575758
870 0.006319 1.471312 300.000000 7.009346
870 0.007124 0.574715 400.000000 7.352941
870 0.005451 0.063469 500.000000 7.800312
870 0.005057 0.279349 600.000000 7.712082
870 0.004464 0.511281 700.000000 8.064516
870 0.000301 0.607493 800.000000 7.835455
880 0.028738 1.988367 100.000000 6.578948
880 0.014065 2.025070 200.000000 7.692307
880 0.009316 1.460078 300.000000 7.009346
880 0.007383 0.564101 400.000000 7.421150
880 0.005657 0.055529 500.000000 7.836991
880 0.005221 0.282731 600.000000 7.772021
880 0.004326 0.520010 700.000000 8.101851
880 0.000169 0.595927 800.000000 7.881773
890 0.028088 1.954079 100.000000 6.802721
890 0.014122 1.998428 200.000000 7.843137
890 0.008599 1.513110 300.000000 7.042253
890 0.006779 0.619199 400.000000 7.518797
890 0.005533 0.104336 500.000000 7.861635
890 0.004155 0.229490 600.000000 7.832898
890 0.003408 0.454577 700.000000 8.158508
890 0.000656 0.480436 800.000000 7.936508
900 0.018656 1.534352 100.000000 7.042253
900 0.009303 1.588750 200.000000 8.000000
900 0.005957 1.364051 300.000000 7.109005
900 0.004519 0.607304 400.000000 7.604563
900 0.003535 0.175463 500.000000 7.788162
900 0.002590 0.093268 600.000000 7.905138
900 0.002032 0.266732 700.000000 8.215962
900 0.001814 0.213784 800.000000 7.984032
910 0.008198 0.700475 100.000000 7.352941
910 0.004226 0.770962 200.000000 8.163265
910 0.002627 0.906144 300.000000 7.177033
910 0.002062 0.474637 400.000000 7.692307
910 0.001356 0.229658 500.000000 7.704160
910 0.000873 0.091634 600.000000 7.968128
910 0.000496 0.017510 700.000000 8.264462
910 0.003081 0.137111 800.000000 8.040201
920 0.002166 0.169857 100.000000 7.575758
920 0.001467 0.239560 200.000000 8.196721
920 0.000862 0.565829 300.000000 7.228916
920 0.000751 0.358932 400.000000 7.766990
920 0.000275 0.246885 500.000000 7.704160
920 0.000125 0.196519 600.000000 8.021390
920 0.000356 0.183703 700.000000 8.293839
920 0.003797 0.335276 800.000000 8.080808
930 0.000671 0.088094 100.000000 7.751938
930 0.001212 0.105919 200.000000 8.000000
930 0.000506 0.475499 300.000000 7.263923
930 0.000393 0.326644 400.000000 7.812500
930 0.000132 0.252847 500.000000 7.704160
930 0.000362 0.226598 600.000000 8.053691
930 0.000372 0.230244 700.000000 8.303678
930 0.003880 0.398220 800.000000 8.105370
940 0.000826 0.095700 100.000000 7.874016
940 0.004916 0.171432 200.000000 7.575758
940 0.000646 0.499827 300.000000 7.299270
940 0.000419 0.331936 400.000000 7.858546
940 0.000098 0.249964 500.000000 7.704160
940 0.000285 0.217503 600.000000 8.086253
940 0.000165 0.214002 700.000000 8.293839
940 0.003851 0.402029 800.000000 8.130081
950 0.000811 0.126916 100.000000 7.936508
950 0.011173 0.263339 200.000000 7.380074
950 0.000730 0.505410 300.000000 7.317073
950 0.000378 0.332253 400.000000 7.905138
950 0.000079 0.248004 500.000000 7.727975
950 0.000248 0.214965 600.000000 8.119080
950 0.000447 0.203618 700.000000 8.235294
950 0.003809 0.415025 800.000000 8.154943
960 0.000775 0.118618 100.000000 8.064516
960 0.015531 0.337128 200.000000 7.299270
960 0.000634 0.487705 300.000000 7.334963
960 0.000224 0.328517 400.000000 7.952286
960 0.000043 0.252517 500.000000 7.751938
960 0.000292 0.226200 600.000000 8.141112
960 0.001689 0.221157 700.000000 8.101851
960 0.003844 0.447058 800.000000 8.171603
970 0.001565 0.104836 100.000000 8.130081
970 0.013479 0.379144 200.000000 7.299270
970 0.000670 0.476646 300.000000 7.371007
970 0.000138 0.327676 400.000000 8.000000
970 0.000048 0.256552 500.000000 7.776050
970 0.000329 0.234360 600.000000 8.174387
970 0.003414 0.246818 700.000000 7.972665
970 0.003899 0.473039 800.000000 8.196721
980 0.003111 0.128515 100.000000 8.264462
980 0.012609 0.468015 200.000000 7.299270
980 0.000653 0.472622 300.000000 7.407407
980 0.000112 0.327085 400.000000 8.048289
980 0.000061 0.256755 500.000000 7.812500
980 0.000327 0.236023 600.000000 8.219178
980 0.004140 0.270513 700.000000 7.936508
980 0.003911 0.492673 800.000000 8.213552
990 0.004271 0.154634 100.000000 8.403361
990 0.012800 0.545207 200.000000 7.352941
990 0.000455 0.472336 300.000000 7.444169
990 0.000099 0.326555 400.000000 8.097166
990 0.000041 0.253865 500.000000 7.849294
990 0.000297 0.233865 600.000000 8.253095
990 0.004287 0.286512 700.000000 7.954545
990 0.003858 0.505946 800.000000 8.238929
1000 0.003663 0.167378 100.000000 8.620689
1000 0.013307 0.609055 200.000000 7.380074
1000 0.000385 0.468502 300.000000 7.518797
1000 0.000081 0.328191 400.000000 8.146640
1000 0.000078 0.257568 500.000000 7.898894
1000 0.000325 0.240494 600.000000 8.298756
1000 0.004335 0.312293 700.000000 7.981756
1000 0.003841 0.524840 800.000000 8.273009
1010 0.003001 0.191371 100.000000 8.849558
1010 0.013063 0.678434 200.000000 7.407407
1010 0.000408 0.467930 300.000000 7.594937
1010 0.000141 0.327283 400.000000 8.196721
1010 0.000091 0.255678 500.000000 7.949126
1010 0.000320 0.239199 600.000000 8.344924
1010 0.004347 0.329388 700.000000 8.018328
1010 0.003834 0.539703 800.000000 8.298756
1020 0.002318 0.132399 100.000000 9.090909
1020 0.010500 0.693007 200.000000 7.352941
1020 0.000221 0.455773 300.000000 7.672634
1020 0.000319 0.336642 400.000000 8.213552
1020 0.000278 0.281685 500.000000 8.000000
1020 0.000458 0.275338 600.000000 8.379889
1020 0.004481 0.382363 700.000000 8.064516
1020 0.003791 0.585563 800.000000 8.333333
1030 0.001741 0.048308 100.000000 9.174312
1030 0.003449 0.638355 200.000000 7.220217
1030 0.000280 0.445718 300.000000 7.731959
1030 0.000194 0.353556 400.000000 8.213552
1030 0.000541 0.321565 500.000000 8.038586
1030 0.000619 0.326696 600.000000 8.415147
1030 0.004285 0.452679 700.000000 8.101851
1030 0.003365 0.646972 800.000000 8.350731
1040 0.001027 0.041182 100.000000 9.090909
1040 0.000491 0.637192 200.000000 7.092198
1040 0.000269 0.447938 300.000000 7.772021
1040 0.000273 0.359274 400.000000 7.984032
1040 0.000647 0.332790 500.000000 8.077544
1040 0.000756 0.340716 600.000000 8.426967
1040 0.004236 0.484278 700.000000 8.130081
1040 0.002909 0.673000 800.000000 8.368201
1050 0.000838 0.092742 100.000000 8.849558
1050 0.000348 0.684733 200.000000 7.042253
1050 0.000315 0.446022 300.000000 7.792208
1050 0.000264 0.339694 400.000000 7.707129
1050 0.000555 0.302893 500.000000 8.090615
1050 0.000781 0.304471 600.000000 8.415147
1050 0.004322 0.472383 700.000000 8.139535
1050 0.002432 0.657077 800.000000 8.368201
1060 0.002530 0.121235 100.000000 7.874016
1060 0.000556 0.691545 200.000000 7.017544
1060 0.000349 0.442464 300.000000 7.812500
1060 0.000326 0.336213 400.000000 7.662835
1060 0.000553 0.298638 500.000000 8.103727
1060 0.000410 0.298941 600.000000 8.379889
1060 0.004374 0.490472 700.000000 8.149011
1060 0.002145 0.668090 800.000000 8.368201
1070 0.016374 0.264418 100.000000 6.944445
1070 0.000683 0.699234 200.000000 6.993007
1070 0.000291 0.433747 300.000000 7.832898
1070 0.000184 0.323456 400.000000 7.648183
1070 0.000468 0.283521 500.000000 8.116883
1070 0.000422 0.275051 600.000000 8.310249
1070 0.004473 0.499684 700.000000 8.158508
1070 0.002208 0.668907 800.000000 8.376964
1080 0.028512 0.445849 100.000000 6.666667
1080 0.000667 0.694585 200.000000 6.993007
1080 0.000139 0.433834 300.000000 7.874016
1080 0.000158 0.326247 400.000000 7.648183
1080 0.000465 0.289104 500.000000 8.143323
1080 0.001070 0.277303 600.000000 8.163265
1080 0.004471 0.526879 700.000000 8.168028
1080 0.002358 0.688043 800.000000 8.394544
1090 0.028545 0.580128 100.000000 6.535948
1090 0.000400 0.684216 200.000000 6.993007
1090 0.000243 0.459125 300.000000 7.915567
1090 0.000359 0.366774 400.000000 7.677543
1090 0.000632 0.340231 500.000000 8.169934
1090 0.003848 0.352195 600.000000 7.947020
1090 0.004353 0.595604 700.000000 8.187135
1090 0.002315 0.743710 800.000000 8.403361
1100 0.028323 0.616518 100.000000 6.493506
1100 0.000625 0.683321 200.000000 6.993007
1100 0.000911 0.524953 300.000000 7.957560
1100 0.000816 0.463834 400.000000 7.692307
1100 0.001011 0.457281 500.000000 8.183306
1100 0.005124 0.502912 600.000000 7.874016
1100 0.004063 0.721137 700.000000 8.196721
1100 0.002096 0.837303 800.000000 8.412198
1110 0.030069 0.745661 100.000000 6.451613
1110 0.001463 0.696874 200.000000 7.017544
1110 0.001298 0.564877 300.000000 7.978724
1110 0.001057 0.513402 400.000000 7.707129
1110 0.001176 0.514688 500.000000 8.210180
1110 0.004776 0.586707 600.000000 7.863696
1110 0.004001 0.788252 700.000000 8.206330
1110 0.001845 0.884090 800.000000 8.412198
1120 0.029192 1.010082 100.000000 6.329114
1120 0.001015 0.688727 200.000000 7.042253
1120 0.000967 0.520783 300.000000 7.978724
1120 0.000805 0.450980 400.000000 7.722008
1120 0.000964 0.444763 500.000000 8.223684
1120 0.004931 0.541286 600.000000 7.874016
1120 0.004205 0.748127 700.000000 8.215962
1120 0.001477 0.847488 800.000000 8.350731
1130 0.020798 1.194017 100.000000 6.097561
1130 0.000876 0.686728 200.000000 7.092198
1130 0.000423 0.505493 300.000000 7.936508
1130 0.000807 0.434582 400.000000 7.751938
1130 0.000902 0.427369 500.000000 8.237232
1130 0.004941 0.546194 600.000000 7.905138
1130 0.004063 0.750760 700.000000 8.225616
1130 0.000399 0.834119 800.000000 8.205129
1140 0.004973 1.267452 100.000000 5.847953
1140 0.001006 0.698789 200.000000 7.142857
1140 0.000475 0.515457 300.000000 7.874016
1140 0.000928 0.452593 400.000000 7.797271
1140 0.000941 0.445580 500.000000 8.264462
1140 0.004861 0.583364 600.000000 7.936508
1140 0.003625 0.783517 700.000000 8.235294
1140 0.001316 0.832247 800.000000 8.171603
1150 0.001516 1.293312 100.000000 5.747127
1150 0.000717 0.673701 200.000000 7.220217
1150 0.000623 0.474864 300.000000 7.518797
1150 0.000857 0.409554 400.000000 7.827789
1150 0.000964 0.399922 500.000000 8.278146
1150 0.004957 0.562278 600.000000 7.968128
1150 0.003211 0.763314 700.000000 8.254717
1150 0.001756 0.789635 800.000000 8.171603
1160 0.001109 1.302869 100.000000 5.780347
1160 0.000503 0.670223 200.000000 7.299270
1160 0.000608 0.475395 300.000000 7.371007
1160 0.000865 0.410505 400.000000 7.889546
1160 0.001080 0.402065 500.000000 8.305648
1160 0.004941 0.580777 600.000000 8.010681
1160 0.002749 0.775660 700.000000 8.284023
1160 0.001755 0.776472 800.000000 8.196721
1170 0.000987 1.305400 100.000000 5.917160
1170 0.000451 0.675154 200.000000 7.434944
1170 0.000716 0.483584 300.000000 7.407407
1170 0.000920 0.420728 400.000000 7.968128
1170 0.001028 0.414103 500.000000 8.347245
1170 0.004913 0.604650 600.000000 8.064516
1170 0.002454 0.793510 700.000000 8.333333
1170 0.001742 0.771040 800.000000 8.238929
1180 0.001456 1.324564 100.000000 6.134969
1180 0.000689 0.731783 200.000000 7.633588
1180 0.001054 0.553124 300.000000 7.500000
1180 0.001165 0.496074 400.000000 8.080808
1180 0.000971 0.492533 500.000000 8.417508
1180 0.004769 0.681676 600.000000 8.141112
1180 0.002211 0.855247 700.000000 8.393286
1180 0.001819 0.802217 800.000000 8.290155
1190 0.002644 1.364004 100.000000 6.369427
1190 0.001322 0.822015 200.000000 7.843137
1190 0.001516 0.661750 300.000000 7.614213
1190 0.001508 0.610721 400.000000 8.196721
1190 0.001034 0.610114 500.000000 8.503402
1190 0.004575 0.792072 600.000000 8.219178
1190 0.001981 0.940290 700.000000 8.464329
1190 0.001963 0.854913 800.000000 8.359457
1200 0.006293 1.462575 100.000000 6.666667
1200 0.003249 1.061722 200.000000 8.064516
1200 0.002761 0.943696 300.000000 7.751938
1200 0.002438 0.912601 400.000000 8.316009
1200 0.001481 0.917702 500.000000 8.576329
1200 0.003979 1.055683 600.000000 8.298756
1200 0.001426 1.140560 700.000000 8.536586
1200 0.002390 0.981360 800.000000 8.421053
1210 0.012839 1.581893 100.000000 6.896552
1210 0.006651 1.421143 200.000000 8.264462
1210 0.004908 1.373992 300.000000 7.853403
1210 0.004093 1.367234 400.000000 8.421053
1210 0.002407 1.379475 500.000000 8.620689
1210 0.002906 1.416471 600.000000 8.368201
1210 0.000503 1.381864 700.000000 8.599508
1210 0.003146 1.119965 800.000000 8.474576
1220 0.020180 1.589007 100.000000 7.142857
1220 0.010450 1.686899 200.000000 8.438819
1220 0.007337 1.708168 300.000000 7.936508
1220 0.005953 1.721555 400.000000 8.510638
1220 0.003900 1.734526 500.000000 8.605852
1220 0.001670 1.634760 600.000000 8.426967
1220 0.000477 1.468434 700.000000 8.652658
1220 0.003859 1.134107 800.000000 8.528785
1230 0.027963 1.488624 100.000000 7.299270
1230 0.014470 1.768059 200.000000 8.620689
1230 0.009962 1.839282 300.000000 8.021390
1230 0.007809 1.860304 400.000000 8.602151
1230 0.004867 1.874174 500.000000 8.488964
1230 0.000383 1.621157 600.000000 8.474576
1230 0.001469 1.340235 700.000000 8.706468
1230 0.002937 0.983371 800.000000 8.565310
1240 0.030030 1.414101 100.000000 7.407407
1240 0.014341 1.726716 200.000000 8.771930
1240 0.009305 1.809217 300.000000 8.086253
1240 0.006545 1.829289 400.000000 8.658009
1240 0.001510 1.821462 500.000000 8.291874
1240 0.000505 1.475995 600.000000 8.522727
1240 0.002143 1.139916 700.000000 8.739077
1240 0.002317 0.806308 800.000000 8.602151
1250 0.027437 1.466879 100.000000 7.462687
1250 0.012934 1.714319 200.000000 8.888889
1250 0.008419 1.778030 300.000000 8.152174
1250 0.005873 1.788789 400.000000 8.714597
1250 0.000524 1.739651 500.000000 8.210180
1250 0.000980 1.356323 600.000000 8.547009
1250 0.002507 0.994880 700.000000 8.760951
1250 0.001995 0.691485 800.000000 8.639309
1260 0.026880 1.628056 100.000000 7.575758
1260 0.012917 1.802581 200.000000 8.968610
1260 0.008479 1.833001 300.000000 8.196721
1260 0.005922 1.826753 400.000000 8.771930
1260 0.000910 1.735788 500.000000 8.196721
1260 0.000919 1.355357 600.000000 8.571428
1260 0.002572 0.986730 700.000000 8.782936
1260 0.002013 0.680378 800.000000 8.658009
1270 0.027708 1.832674 100.000000 7.692307
1270 0.013300 1.911453 200.000000 9.049774
1270 0.008788 1.919611 300.000000 8.241758
1270 0.006170 1.897365 400.000000 8.810573
1270 0.000752 1.764562 500.000000 8.223684
1270 0.000691 1.395765 600.000000 8.595988
1270 0.002669 1.018206 700.000000 8.760951
1270 0.002126 0.704646 800.000000 8.695652
1280 0.027143 1.956847 100.000000 7.936508
1280 0.013257 1.963994 200.000000 9.132421
1280 0.008576 1.946434 300.000000 8.333333
1280 0.006028 1.912349 400.000000 8.888889
1280 0.000892 1.741952 500.000000 8.291874
1280 0.000806 1.367171 600.000000 8.633094
1280 0.003538 0.977611 700.000000 8.717310
1280 0.002161 0.674631 800.000000 8.733624
1290 0.022283 1.865985 100.000000 8.264462
1290 0.011436 1.834076 200.000000 9.259259
1290 0.006856 1.798934 300.000000 8.450705
1290 0.004789 1.744028 400.000000 8.988764
1290 0.001922 1.516678 500.000000 8.361204
1290 0.001776 1.103400 600.000000 8.695652
1290 0.003283 0.705422 700.000000 8.631319
1290 0.001665 0.482573 800.000000 8.781559
1300 0.012213 1.230108 100.000000 8.620689
1300 0.006795 1.184887 200.000000 9.389671
1300 0.003445 1.131015 300.000000 8.595988
1300 0.002297 1.064104 400.000000 9.090909
1300 0.003974 0.790491 500.000000 8.445946
1300 0.003658 0.379334 600.000000 8.759124
1300 0.000962 0.075335 700.000000 8.620689
1300 0.000456 0.052245 800.000000 8.839779
1310 0.003315 0.398973 100.000000 9.090909
1310 0.002146 0.363971 200.000000 9.478673
1310 0.000422 0.308022 300.000000 8.720930
1310 0.000075 0.239218 400.000000 9.195402
1310 0.005776 0.056843 500.000000 8.532423
1310 0.005025 0.352164 600.000000 8.823529
1310 0.000920 0.509942 700.000000 8.641975
1310 0.000620 0.350888 800.000000 8.888889
1320 0.000340 0.121102 100.000000 9.433962
1320 0.000038 0.086688 200.000000 9.049774
1320 0.000734 0.070360 300.000000 8.849558
1320 0.000879 0.106903 400.000000 9.259259
1320 0.006134 0.338129 500.000000 8.605852
1320 0.004048 0.614347 600.000000 8.875740
1320 0.001836 0.680842 700.000000 8.674102
1320 0.000973 0.468343 800.000000 8.938547
1330 0.000485 0.118349 100.000000 9.708738
1330 0.000535 0.086128 200.000000 8.510638
1330 0.000948 0.091633 300.000000 8.928572
1330 0.001209 0.142882 400.000000 9.280743
1330 0.006028 0.396769 500.000000 8.650519
1330 0.003358 0.658305 600.000000 8.902077
1330 0.001950 0.682908 700.000000 8.695652
1330 0.000873 0.472284 800.000000 8.968610
1340 0.000128 0.116771 100.000000 9.900990
1340 0.000959 0.106585 200.000000 8.403361
1340 0.001180 0.135574 300.000000 8.982036
1340 0.001128 0.194447 400.000000 9.280743
1340 0.005917 0.473444 500.000000 8.680555
1340 0.002793 0.710474 600.000000 8.928572
1340 0.001963 0.689156 700.000000 8.717310
1340 0.000819 0.480748 800.000000 8.998875
1350 0.000271 0.113043 100.000000 10.101010
1350 0.000976 0.101265 200.000000 8.368201
1350 0.001162 0.135980 300.000000 9.036144
1350 0.000138 0.192113 400.000000 9.195402
1350 0.006034 0.501497 500.000000 8.710801
1350 0.002701 0.729964 600.000000 8.941877
1350 0.001822 0.670094 700.000000 8.739077
1350 0.000746 0.469626 800.000000 9.009009
1360 0.000773 0.106887 100.000000 10.204082
1360 0.000921 0.110191 200.000000 8.403361
1360 0.001216 0.155725 300.000000 9.063444
1360 0.000038 0.199711 400.000000 9.029346
1360 0.006037 0.548371 500.000000 8.726004
1360 0.002812 0.756946 600.000000 8.968610
1360 0.001666 0.657714 700.000000 8.760951
1360 0.000722 0.466743 800.000000 9.029346
1370 0.001105 0.101772 100.000000 10.526316
1370 0.000988 0.115765 200.000000 8.438819
1370 0.001224 0.168489 300.000000 9.118541
1370 0.004258 0.223965 400.000000 8.658009
1370 0.006018 0.584429 500.000000 8.756567
1370 0.002981 0.783293 600.000000 8.982036
1370 0.001629 0.644206 700.000000 8.782936
1370 0.000685 0.460487 800.000000 9.039548
1380 0.001609 0.126045 100.000000 10.638298
1380 0.001115 0.148311 200.000000 8.474576
1380 0.001336 0.205566 300.000000 9.174312
1380 0.007295 0.297348 400.000000 8.403361
1380 0.005898 0.644887 500.000000 8.771930
1380 0.002961 0.825988 600.000000 8.995502
1380 0.001658 0.640466 700.000000 8.805032
1380 0.000660 0.460489 800.000000 9.049774
1390 0.001131 0.084905 100.000000 10.752688
1390 0.000753 0.096784 200.000000 8.510638
1390 0.001092 0.152292 300.000000 9.202454
1390 0.007842 0.286700 400.000000 8.350731
1390 0.006068 0.631600 500.000000 8.787346
1390 0.002981 0.810628 600.000000 8.995502
1390 0.001554 0.599834 700.000000 8.827238
1390 0.000536 0.441694 800.000000 9.049774
1400 0.001140 0.075228 100.000000 10.752688
1400 0.000667 0.076900 200.000000 8.510638
1400 0.001007 0.131716 300.000000 9.230769
1400 0.007837 0.312957 400.000000 8.350731
1400 0.006217 0.651584 500.000000 8.771930
1400 0.002612 0.816590 600.000000 8.928572
1400 0.001512 0.573596 700.000000 8.838384
1400 0.000461 0.430864 800.000000 9.039548
1410 0.000760 0.069289 100.000000 10.309278
1410 0.000860 0.083465 200.000000 8.510638
1410 0.001040 0.145661 300.000000 9.202454
1410 0.007737 0.367430 400.000000 8.368201
1410 0.005981 0.693964 500.000000 8.771930
1410 0.000097 0.829913 600.000000 8.670520
1410 0.001282 0.562500 700.000000 8.849558
1410 0.000445 0.426796 800.000000 8.978676
1420 0.000722 0.064550 100.000000 9.615385
1420 0.001056 0.089038 200.000000 8.510638
1420 0.001060 0.152856 300.000000 9.174312
1420 0.007655 0.421979 400.000000 8.385744
1420 0.005200 0.737232 500.000000 8.741259
1420 0.001719 0.815967 600.000000 8.559201
1420 0.001179 0.549519 700.000000 8.849558
1420 0.001586 0.418578 800.000000 8.064516
1430 0.001469 0.094550 100.000000 7.575758
1430 0.001578 0.150387 200.000000 8.510638
1430 0.001694 0.219949 300.000000 9.118541
1430 0.007454 0.523092 400.000000 8.385744
1430 0.004149 0.808952 500.000000 8.741259
1430 0.002338 0.816312 600.000000 8.522727
1430 0.001101 0.551833 700.000000 8.860760
1430 0.003826 0.397575 800.000000 7.984032
1440 0.002053 0.127602 100.000000 7.194244
1440 0.001829 0.185664 200.000000 8.547009
1440 0.001456 0.257393 300.000000 9.036144
1440 0.007367 0.592293 400.000000 8.403361
1440 0.003294 0.854997 500.000000 8.726004
1440 0.002298 0.801537 600.000000 8.522727
1440 0.000943 0.545602 700.000000 8.860760
1440 0.003585 0.372125 800.000000 7.968128
1450 0.001471 0.095815 100.000000 7.042253
1450 0.001556 0.149999 200.000000 8.547009
1450 0.000322 0.209098 300.000000 8.849558
1450 0.007657 0.600280 400.000000 8.403361
1450 0.003329 0.854780 500.000000 8.726004
1450 0.002016 0.759610 600.000000 8.534851
1450 0.000786 0.525528 700.000000 8.860760
1450 0.003624 0.338415 800.000000 7.968128
1460 0.000991 0.068504 100.000000 6.993007
1460 0.001350 0.124560 200.000000 8.510638
1460 0.002737 0.171241 300.000000 8.403361
1460 0.007789 0.628267 400.000000 8.385744
1460 0.003724 0.868148 500.000000 8.710801
1460 0.001746 0.720538 600.000000 8.534851
1460 0.000666 0.509652 700.000000 8.849558
1460 0.003657 0.306505 800.000000 7.968128
1470 0.000715 0.054173 100.000000 6.944445
1470 0.001239 0.111162 200.000000 8.510638
1470 0.008726 0.203318 300.000000 7.874016
1470 0.007764 0.665767 400.000000 8.368201
1470 0.003852 0.892279 500.000000 8.710801
1470 0.001684 0.694035 600.000000 8.534851
1470 0.000551 0.499154 700.000000 8.838384
1470 0.003691 0.276292 800.000000 7.968128
1480 0.000420 0.057592 100.000000 6.944445
1480 0.001090 0.103951 200.000000 8.510638
1480 0.010110 0.261842 300.000000 7.731959
1480 0.007843 0.698972 400.000000 8.368201
1480 0.003852 0.909312 500.000000 8.695652
1480 0.001631 0.670986 600.000000 8.547009
1480 0.000460 0.490745 700.000000 8.827238
1480 0.003714 0.244385 800.000000 7.960199
1490 0.000237 0.059822 100.000000 6.944445
1490 0.000961 0.086816 200.000000 8.547009
1490 0.010120 0.304042 300.000000 7.731959
1490 0.007674 0.728335 400.000000 8.368201
1490 0.003513 0.926021 500.000000 8.635578
1490 0.001599 0.644663 600.000000 8.559201
1490 0.000383 0.484363 700.000000 8.827238
1490 0.003743 0.218422 800.000000 7.968128
1500 0.001250 0.079917 100.000000 7.042253
1500 0.001403 0.164920 200.000000 8.620689
1500 0.010472 0.429878 300.000000 7.792208
1500 0.007706 0.825343 400.000000 8.385744
1500 0.001636 0.977286 500.000000 8.488964
1500 0.001530 0.650770 600.000000 8.595988
1500 0.000490 0.484474 700.000000 8.805032
1500 0.003654 0.198969 800.000000 7.984032
1510 0.003091 0.245669 100.000000 7.246377
1510 0.002150 0.327324 200.000000 8.733624
1510 0.009848 0.610623 300.000000 7.874016
1510 0.006930 0.957318 400.000000 8.438819
1510 0.001176 1.034283 500.000000 8.333333
1510 0.001658 0.669496 600.000000 8.645534
1510 0.000660 0.484664 700.000000 8.771930
1510 0.003493 0.184344 800.000000 8.008008
1520 0.003032 0.232416 100.000000 7.462687
1520 0.002042 0.310068 200.000000 8.849558
1520 0.009887 0.622316 300.000000 7.978724
1520 0.006465 0.964687 400.000000 8.510638
1520 0.002137 1.012432 500.000000 8.333333
1520 0.001540 0.654499 600.000000 8.695652
1520 0.001624 0.478162 700.000000 7.874016
1520 0.003563 0.168745 800.000000 8.040201
1530 0.002490 0.172963 100.000000 7.874016
1530 0.001849 0.249687 200.000000 9.090909
1530 0.010098 0.597590 300.000000 8.108109
1530 0.006208 0.943466 400.000000 8.620689
1530 0.002513 0.977990 500.000000 8.403361
1530 0.001397 0.639381 600.000000 8.784773
1530 0.002806 0.470052 700.000000 7.874016
1530 0.003651 0.158614 800.000000 8.088979
1540 0.002185 0.140990 100.000000 8.403361
1540 0.001749 0.215025 200.000000 9.433962
1540 0.010228 0.575024 300.000000 8.310249
1540 0.006076 0.931479 400.000000 8.771930
1540 0.002567 0.961728 500.000000 8.517887
1540 0.001295 0.631879 600.000000 8.888889
1540 0.003302 0.464086 700.000000 7.927520
1540 0.003695 0.153990 800.000000 8.154943
1550 0.001749 0.098443 100.000000 9.009009
1550 0.001681 0.168976 200.000000 9.756098
1550 0.010394 0.547545 300.000000 8.498584
1550 0.005856 0.912033 400.000000 8.908686
1550 0.002561 0.937785 500.000000 8.620689
1550 0.001161 0.622621 600.000000 8.995502
1550 0.003590 0.459385 700.000000 7.990868
1550 0.003753 0.148320 800.000000 8.221993
1560 0.001641 0.091289 100.000000 9.615385
1560 0.001797 0.153867 200.000000 10.050251
1560 0.010449 0.548925 300.000000 8.670520
1560 0.005559 0.910304 400.000000 9.049774
1560 0.002513 0.921245 500.000000 8.726004
1560 0.001037 0.615069 600.000000 9.090909
1560 0.004067 0.448802 700.000000 8.036739
1560 0.003777 0.139941 800.000000 8.281573
1570 0.001739 0.088432 100.000000 10.000000
1570 0.001785 0.151882 200.000000 10.256411
1570 0.010429 0.578837 300.000000 8.797654
1570 0.004917 0.927604 400.000000 9.132421
1570 0.002460 0.903404 500.000000 8.787346
1570 0.000882 0.609210 600.000000 9.160305
1570 0.004438 0.434708 700.000000 8.064516
1570 0.003779 0.123829 800.000000 8.316009
1580 0.001573 0.088951 100.000000 10.416667
1580 0.000748 0.137780 200.000000 10.256411
1580 0.010389 0.610125 300.000000 8.875740
1580 0.004588 0.940184 400.000000 9.195402
1580 0.002291 0.877315 500.000000 8.833922
1580 0.000732 0.599501 600.000000 9.202454
1580 0.004395 0.411511 700.000000 8.083141
1580 0.003795 0.106380 800.000000 8.350731
1590 0.001600 0.082455 100.000000 10.638298
1590 0.001238 0.134564 200.000000 10.050251
1590 0.010231 0.668511 300.000000 8.928572
1590 0.004539 0.977295 400.000000 9.237875
1590 0.002118 0.860647 500.000000 8.880995
1590 0.000666 0.593383 600.000000 9.230769
1590 0.004357 0.383923 700.000000 8.101851
1590 0.003775 0.083259 800.000000 8.368201
1600 0.001751 0.103786 100.000000 10.752688
1600 0.001833 0.136915 200.000000 9.433962
1600 0.010236 0.749826 300.000000 8.928572
1600 0.004821 1.020639 400.000000 9.259259
1600 0.001906 0.842289 500.000000 8.896797
1600 0.000632 0.587467 600.000000 9.244992
1600 0.004316 0.353751 700.000000 8.111239
1600 0.003755 0.057028 800.000000 8.376964
1610 0.001761 0.115040 100.000000 10.752688
1610 0.010834 0.200299 200.000000 8.510638
1610 0.010315 0.813108 300.000000 8.955224
1610 0.004984 1.066245 400.000000 9.259259
1610 0.001884 0.821425 500.000000 8.912656
1610 0.000552 0.581485 600.000000 9.244992
1610 0.004318 0.324059 700.000000 8.120649
1610 0.003797 0.030366 800.000000 8.376964
1620 0.001765 0.139835 100.000000 10.869565
1620 0.014664 0.310189 200.000000 8.196721
1620 0.010372 0.885299 300.000000 8.955224
1620 0.004997 1.109256 400.000000 9.259259
1620 0.001871 0.804235 500.000000 8.944544
1620 0.000482 0.576367 600.000000 9.244992
1620 0.004315 0.292037 700.000000 8.120649
1620 0.003791 0.003566 800.000000 8.368201
1630 0.001729 0.147121 100.000000 10.869565
1630 0.015043 0.420211 200.000000 8.130081
1630 0.010179 0.953835 300.000000 8.928572
1630 0.004615 1.145483 400.000000 9.195402
1630 0.001890 0.784304 500.000000 8.960573
1630 0.000421 0.571796 600.000000 9.216590
1630 0.004310 0.261808 700.000000 8.120649
1630 0.003782 0.025793 800.000000 8.368201
1640 0.001608 0.151726 100.000000 10.869565
1640 0.015111 0.516137 200.000000 8.163265
1640 0.010211 1.010285 300.000000 8.928572
1640 0.002343 1.172740 400.000000 8.908686
1640 0.001597 0.762921 500.000000 8.960573
1640 0.000381 0.569471 600.000000 9.174312
1640 0.004347 0.232592 700.000000 8.120649
1640 0.003813 0.051137 800.000000 8.376964
1650 0.001067 0.121184 100.000000 10.752688
1650 0.015106 0.587291 200.000000 8.196721
1650 0.009847 1.061756 300.000000 8.875740
1650 0.001386 1.155722 400.000000 8.583691
1650 0.001295 0.748212 500.000000 8.976661
1650 0.000656 0.570670 600.000000 8.941877
1650 0.004480 0.205464 700.000000 8.111239
1650 0.003875 0.076055 800.000000 8.376964
1660 0.001613 0.089860 100.000000 10.526316
1660 0.014965 0.662863 200.000000 8.196721
1660 0.008391 1.105446 300.000000 8.849558
1660 0.002765 1.117695 400.000000 8.510638
1660 0.001044 0.734279 500.000000 8.976661
1660 0.004025 0.551650 600.000000 7.822686
1660 0.004437 0.182811 700.000000 8.111239
1660 0.003900 0.098902 800.000000 8.368201
1670 0.001647 0.082291 100.000000 10.204082
1670 0.014898 0.743622 200.000000 8.230453
1670 0.006907 1.152810 300.000000 8.823529
1670 0.002608 1.079274 400.000000 8.492569
1670 0.000652 0.725664 500.000000 8.976661
1670 0.005064 0.522247 600.000000 7.792208
1670 0.004408 0.156080 700.000000 8.111239
1670 0.003817 0.122950 800.000000 8.350731
1680 0.002354 0.075425 100.000000 9.708738
1680 0.014613 0.842935 200.000000 8.230453
1680 0.006564 1.206823 300.000000 8.823529
1680 0.002320 1.051022 400.000000 8.492569
1680 0.000515 0.719721 500.000000 8.976661
1680 0.005105 0.483099 600.000000 7.782101
1680 0.004431 0.125019 700.000000 8.111239
1680 0.003907 0.148586 800.000000 8.342023
1690 0.002186 0.061030 100.000000 8.620689
1690 0.014490 0.963103 200.000000 8.196721
1690 0.006895 1.268337 300.000000 8.823529
1690 0.001982 1.027822 400.000000 8.510638
1690 0.000432 0.715126 500.000000 8.976661
1690 0.005145 0.445502 600.000000 7.782101
1690 0.004441 0.092953 700.000000 8.111239
1690 0.003895 0.177646 800.000000 8.333333
1700 0.018039 0.119496 100.000000 7.042253
1700 0.014590 1.066538 200.000000 8.196721
1700 0.007217 1.334443 300.000000 8.797654
1700 0.001926 1.005332 400.000000 8.510638
1700 0.000338 0.710602 500.000000 8.960573
1700 0.005147 0.406469 600.000000 7.782101
1700 0.004396 0.058655 700.000000 8.101851
1700 0.003884 0.207572 800.000000 8.333333
1710 0.027543 0.338789 100.000000 6.493506
1710 0.014665 1.183585 200.000000 8.163265
1710 0.007258 1.401448 300.000000 8.771930
1710 0.001896 0.984307 400.000000 8.528785
1710 0.000248 0.708486 500.000000 8.944544
1710 0.005139 0.369794 600.000000 7.782101
1710 0.004380 0.027590 700.000000 8.092485
1710 0.003867 0.235574 800.000000 8.333333
1720 0.028388 0.574363 100.000000 6.410256
1720 0.014422 1.293489 200.000000 8.130081
1720 0.006718 1.456688 300.000000 8.695652
1720 0.001940 0.964441 400.000000 8.547009
1720 0.000211 0.706351 500.000000 8.928572
1720 0.005161 0.329968 600.000000 7.772021
1720 0.004412 0.017616 700.000000 8.083141
1720 0.003895 0.262664 800.000000 8.333333
1730 0.028623 0.785763 100.000000 6.451613
1730 0.014517 1.388250 200.000000 8.130081
1730 0.003843 1.501831 300.000000 8.379889
1730 0.001597 0.944284 400.000000 8.547009
1730 0.000193 0.706402 500.000000 8.865249
1730 0.005134 0.295520 600.000000 7.772021
1730 0.004390 0.040537 700.000000 8.092485
1730 0.003881 0.287175 800.000000 8.324662
1740 0.029123 0.976380 100.000000 6.535948
1740 0.015679 1.487056 200.000000 8.130081
1740 0.001160 1.505134 300.000000 8.021390
1740 0.001375 0.929295 400.000000 8.583691
1740 0.000265 0.702276 500.000000 8.695652
1740 0.005082 0.261674 600.000000 7.782101
1740 0.004396 0.072301 700.000000 8.101851
1740 0.003808 0.315404 800.000000 8.316009
1750 0.028746 1.137098 100.000000 6.622517
1750 0.013853 1.567276 200.000000 8.130081
1750 0.003055 1.481059 300.000000 7.978724
1750 0.001121 0.930837 400.000000 8.620689
1750 0.003753 0.701175 500.000000 7.440476
1750 0.004974 0.248727 600.000000 7.792208
1750 0.004297 0.084347 700.000000 8.111239
1750 0.003650 0.324896 800.000000 8.324662
1760 0.027887 1.259783 100.000000 6.711410
1760 0.012269 1.607176 200.000000 8.163265
1760 0.002939 1.448225 300.000000 7.978724
1760 0.000541 0.946241 400.000000 8.658009
1760 0.005301 0.708667 500.000000 7.418397
1760 0.004827 0.251341 600.000000 7.802341
1760 0.004127 0.078740 700.000000 8.120649
1760 0.003427 0.318364 800.000000 8.342023
1770 0.028738 1.456312 100.000000 6.849315
1770 0.010549 1.701098 200.000000 8.230453
1770 0.003081 1.421571 300.000000 8.042895
1770 0.000503 0.921372 400.000000 8.695652
1770 0.005906 0.645346 500.000000 7.429420
1770 0.004981 0.197614 600.000000 7.832898
1770 0.004238 0.126009 700.000000 8.130081
1770 0.003480 0.359364 800.000000 8.368201
1780 0.031038 1.681684 100.000000 7.042253
1780 0.008984 1.793863 200.000000 8.368201
1780 0.003717 1.357335 300.000000 8.108109
1780 0.001083 0.827055 400.000000 8.771930
1780 0.006098 0.501823 500.000000 7.462687
1780 0.005013 0.081389 600.000000 7.874016
1780 0.004217 0.225900 700.000000 8.158508
1780 0.003815 0.448325 800.000000 8.403361
1790 0.029241 1.874355 100.000000 7.246377
1790 0.007640 1.831302 200.000000 8.547009
1790 0.004412 1.259845 300.000000 8.219178
1790 0.001729 0.703890 400.000000 8.869180
1790 0.005502 0.348362 500.000000 7.518797
1790 0.004540 0.045373 600.000000 7.926024
1790 0.003848 0.325395 700.000000 8.196721
1790 0.003680 0.530878 800.000000 8.447730
1800 0.029510 1.937824 100.000000 7.575758
1800 0.008101 1.873271 200.000000 8.733624
1800 0.004111 1.253314 300.000000 8.356546
1800 0.001612 0.708448 400.000000 8.968610
1800 0.005536 0.344578 500.000000 7.587254
1800 0.004572 0.052503 600.000000 7.978724
1800 0.003906 0.332299 700.000000 8.244994
1800 0.003705 0.535732 800.000000 8.501594
1810 0.027789 1.946711 100.000000 7.936508
1810 0.011102 1.914237 200.000000 9.009009
1810 0.002210 1.392225 300.000000 8.522727
1810 0.000275 0.940962 400.000000 9.111617
1810 0.005941 0.578313 500.000000 7.656968
1810 0.004979 0.146976 600.000000 8.053691
1810 0.004281 0.170370 700.000000 8.313540
1810 0.003472 0.395224 800.000000 8.565310
1820 0.020799 1.681114 100.000000 8.474576
1820 0.014803 1.772827 200.000000 9.302325
1820 0.000275 1.438717 300.000000 8.720930
1820 0.001585 1.150883 400.000000 9.259259
1820 0.004536 0.830929 500.000000 7.751938
1820 0.003793 0.384679 600.000000 8.130081
1820 0.003276 0.062405 700.000000 8.383233
1820 0.002610 0.168360 800.000000 8.629990
1830 0.016076 1.413665 100.000000 9.009009
1830 0.014141 1.567869 200.000000 9.615385
1830 0.001774 1.384307 300.000000 8.902077
1830 0.002813 1.226970 400.000000 9.411765
1830 0.003577 0.945185 500.000000 7.836991
1830 0.002980 0.524565 600.000000 8.207934
1830 0.002586 0.219482 700.000000 8.464329
1830 0.002023 0.010231 800.000000 8.695652
1840 0.011723 1.091400 100.000000 9.615385
1840 0.011863 1.303131 200.000000 9.950249
1840 0.003267 1.273754 300.000000 9.118541
1840 0.003971 1.241290 400.000000 9.569378
1840 0.002687 1.009242 500.000000 7.923930
1840 0.002220 0.630655 600.000000 8.287292
1840 0.001946 0.357061 700.000000 8.536586
1840 0.001472 0.167480 800.000000 8.771930
1850 0.005601 0.530575 100.000000 10.204082
1850 0.008703 0.830068 200.000000 10.309278
1850 0.005373 1.036944 300.000000 9.287926
1850 0.005590 1.173078 400.000000 9.708738
1850 0.001430 1.028471 500.000000 8.012820
1850 0.001151 0.738340 600.000000 8.356546
1850 0.001049 0.530078 700.000000 8.610086
1850 0.000694 0.387650 800.000000 8.830022
1860 0.002644 0.246091 100.000000 10.752688
1860 0.007147 0.586653 200.000000 10.526316
1860 0.006410 0.910929 300.000000 9.433962
1860 0.006409 1.118484 400.000000 9.828010
1860 0.000823 1.002896 500.000000 8.064516
1860 0.000657 0.767416 600.000000 8.403361
1860 0.000615 0.598026 700.000000 8.663366
1860 0.002641 0.235466 800.000000 8.879024
1870 0.000898 0.116061 100.000000 10.869565
1870 0.006854 0.499927 200.000000 10.582010
1870 0.006882 0.881650 300.000000 9.523809
1870 0.006854 1.115699 400.000000 9.852217
1870 0.000550 0.983569 500.000000 8.090615
1870 0.000463 0.776461 600.000000 8.426967
1870 0.000416 0.626702 700.000000 8.684863
1880 0.000506 0.089783 100.000000 10.869565
1880 0.008672 0.533907 200.000000 10.152285
1880 0.007091 0.924011 300.000000 9.554140
1880 0.007003 1.157543 400.000000 9.803922
1880 0.000504 0.975456 500.000000 8.090615
1880 0.000404 0.775057 600.000000 8.426967
1880 0.000401 0.629772 700.000000 8.674102
1890 0.001845 0.060869 100.000000 10.638298
1890 0.013506 0.607637 200.000000 9.049774
1890 0.007819 0.973963 300.000000 9.523809
1890 0.007194 1.199995 400.000000 9.546539
1890 0.000354 0.969395 500.000000 8.077544
1890 0.000318 0.777488 600.000000 8.426967
1890 0.000251 0.637859 700.000000 8.641975
1900 0.006381 0.074479 100.000000 10.416667
1900 0.009706 0.685402 200.000000 8.810573
1900 0.008129 1.033451 300.000000 9.523809
1900 0.002263 1.235129 400.000000 7.648183
1900 0.000264 0.966226 500.000000 8.051530
1900 0.000249 0.779160 600.000000 8.415147
1900 0.000133 0.644336 700.000000 8.631319
1910 0.011621 0.139874 100.000000 10.204082
1910 0.009643 0.759318 200.000000 8.733624
1910 0.008754 1.089828 300.000000 9.523809
1910 0.000237 1.234997 400.000000 7.575758
1910 0.000270 0.964935 500.000000 8.038586
1910 0.000198 0.783305 600.000000 8.391608
1910 0.000150 0.654484 700.000000 8.620689
1920 0.013718 0.302351 100.000000 10.204082
1920 0.009924 0.873905 200.000000 8.733624
1920 0.008917 1.170004 300.000000 9.523809
1920 0.000332 1.235969 400.000000 7.561437
1920 0.000354 0.958771 500.000000 8.051530
1920 0.000369 0.772712 600.000000 8.368201
1920 0.000141 0.644302 700.000000 8.620689
1930 0.013473 0.467807 100.000000 10.204082
1930 0.010433 0.977765 200.000000 8.771930
1930 0.008959 1.247468 300.000000 9.523809
1930 0.000477 1.233166 400.000000 7.561437
1930 0.000445 0.949948 500.000000 8.051530
1930 0.000384 0.759533 600.000000 8.356546
1930 0.000114 0.632787 700.000000 8.631319
1940 0.012207 0.590050 100.000000 10.204082
1940 0.010687 1.072021 200.000000 8.810573
1940 0.009107 1.320370 300.000000 9.523809
1940 0.000485 1.227968 400.000000 7.575758
1940 0.000394 0.946567 500.000000 8.051530
1940 0.000370 0.757634 600.000000 8.368201
1940 0.000125 0.635039 700.000000 8.641975
1950 0.011714 0.676391 100.000000 10.204082
1950 0.010906 1.146501 200.000000 8.849558
1950 0.009384 1.376425 300.000000 9.523809
1950 0.000401 1.224616 400.000000 7.575758
1950 0.000274 0.950328 500.000000 8.038586
1950 0.000311 0.765829 600.000000 8.368201
1950 0.000072 0.649626 700.000000 8.652658
1960 0.012895 0.827457 100.000000 10.101010
1960 0.010732 1.252512 200.000000 8.888889
1960 0.009412 1.449508 300.000000 9.493670
1960 0.000499 1.216935 400.000000 7.575758
1960 0.000411 0.938358 500.000000 8.038586
1960 0.000360 0.750460 600.000000 8.379889
1970 0.016769 0.971506 100.000000 9.433962
1970 0.010653 1.352301 200.000000 8.968610
1970 0.009391 1.513480 300.000000 9.463722
1970 0.000588 1.206583 400.000000 7.590133
1970 0.000446 0.923513 500.000000 8.051530
1970 0.000437 0.732244 600.000000 8.379889
1980 0.031312 1.038665 100.000000 8.000000
1980 0.012139 1.412308 200.000000 9.009009
1980 0.009930 1.568144 300.000000 9.287926
1980 0.000255 1.228306 400.000000 7.590133
1980 0.000200 0.968959 500.000000 8.064516
1980 0.000159 0.792745 600.000000 8.368201
1990 0.026201 0.963933 100.000000 7.633588
1990 0.014085 1.425626 200.000000 9.049774
1990 0.007916 1.589276 300.000000 7.109005
1990 0.000807 1.284804 400.000000 7.604563
1990 0.000568 1.082265 500.000000 8.077544
1990 0.000577 0.943201 600.000000 8.368201
2000 0.027599 0.819344 100.000000 7.518797
2000 0.014554 1.377511 200.000000 9.132421
2000 0.004124 1.534178 300.000000 6.976744
2000 0.001889 1.336413 400.000000 7.604563
2000 0.001500 1.214715 500.000000 8.077544
2000 0.001466 1.129878 600.000000 8.379889
2010 0.030774 0.693251 100.000000 7.575758
2010 0.011757 1.316501 200.000000 9.132421
2010 0.003956 1.433289 300.000000 6.944445
2010 0.002878 1.352414 400.000000 7.619048
2010 0.002368 1.305467 500.000000 8.064516
2010 0.002253 1.268967 600.000000 8.391608
2020 0.028817 0.876173 100.000000 7.575758
2020 0.011076 1.380923 200.000000 9.174312
2020 0.004161 1.445805 300.000000 6.944445
2020 0.003032 1.377243 400.000000 7.633588
2020 0.002337 1.339565 500.000000 8.051530
2020 0.002394 1.312281 600.000000 8.403361
2030 0.028694 1.149574 100.000000 7.633588
2030 0.011427 1.525817 200.000000 9.132421
2030 0.003703 1.518663 300.000000 6.944445
2030 0.002725 1.405526 400.000000 7.633588
2030 0.002173 1.343342 500.000000 8.051530
2030 0.002173 1.305271 600.000000 8.403361
2040 0.029309 1.384565 100.000000 7.692307
2040 0.011587 1.643683 200.000000 9.132421
2040 0.003450 1.571314 300.000000 6.944445
2040 0.002622 1.429254 400.000000 7.619048
2040 0.002033 1.346872 500.000000 8.051530
2040 0.001995 1.297290 600.000000 8.415147
2050 0.029312 1.608732 100.000000 7.751938
2050 0.011415 1.734418 200.000000 9.132421
2050 0.003417 1.604565 300.000000 6.960557
2050 0.002605 1.453234 400.000000 7.619048
2050 0.002032 1.362897 500.000000 8.064516
2060 0.028261 1.748188 100.000000 7.936508
2060 0.010704 1.776222 200.000000 9.174312
2060 0.003770 1.628148 300.000000 6.993007
2060 0.002834 1.496061 400.000000 7.648183
2060 0.002230 1.417022 500.000000 8.090615
2070 0.026470 1.843739 100.000000 8.196721
2070 0.009753 1.771122 200.000000 9.302325
2070 0.004322 1.642160 300.000000 7.058824
2070 0.003280 1.543905 400.000000 7.707129
2070 0.002550 1.481493 500.000000 8.143323
2080 0.021807 1.747385 100.000000 8.620689
2080 0.007756 1.626716 200.000000 9.478673
2080 0.005680 1.606658 300.000000 7.142857
2080 0.004284 1.589411 400.000000 7.797271
2080 0.003353 1.576929 500.000000 8.210180
2090 0.016170 1.513552 100.000000 9.259259
2090 0.005171 1.317284 200.000000 9.756098
2090 0.007430 1.464591 300.000000 7.263923
2090 0.005584 1.557965 400.000000 7.905138
2090 0.004414 1.608106 500.000000 8.305648
2100 0.009661 1.099602 100.000000 9.900990
2100 0.002088 0.842006 200.000000 9.950249
2100 0.009457 1.186850 300.000000 7.389163
2100 0.007094 1.396260 400.000000 8.016032
2100 0.005656 1.516867 500.000000 8.389262
2110 0.003559 0.600473 100.000000 10.526316
2110 0.000862 0.312623 200.000000 9.950249
2110 0.009508 0.837429 300.000000 7.500000
2110 0.007186 1.137942 400.000000 8.113590
2110 0.005715 1.309403 500.000000 8.474576
2120 0.002224 0.103999 100.000000 10.989011
2120 0.001279 0.207170 200.000000 6.849315
2120 0.007693 0.477130 300.000000 7.575758
2120 0.005858 0.835194 400.000000 8.179959
2120 0.004558 1.041050 500.000000 8.517887
2130 0.006227 0.283343 100.000000 11.235955
2130 0.007264 0.459969 200.000000 6.688963
2130 0.006681 0.274061 300.000000 7.594937
2130 0.005032 0.638555 400.000000 8.213552
2130 0.003779 0.855410 500.000000 8.547009
2140 0.007277 0.325497 100.000000 11.363636
2140 0.010039 0.353724 200.000000 6.644518
2140 0.006823 0.352171 300.000000 7.614213
2140 0.005028 0.702573 400.000000 8.196721
2140 0.003702 0.906359 500.000000 8.561644
2150 0.006796 0.306375 100.000000 11.363636
2150 0.010701 0.161962 200.000000 6.622517
2150 0.007255 0.501742 300.000000 7.614213
2150 0.005551 0.832857 400.000000 8.146640
2150 0.003905 1.014914 500.000000 8.561644
2160 0.005852 0.247548 100.000000 11.235955
2160 0.011515 0.108573 200.000000 6.622517
2160 0.007733 0.677395 300.000000 7.594937
2160 0.005821 0.979363 400.000000 8.130081
2160 0.004221 1.140669 500.000000 8.561644
2170 0.006176 0.292426 100.000000 11.111111
2170 0.011605 0.215801 200.000000 6.600660
2170 0.007677 0.758788 300.000000 7.575758
2170 0.005848 1.043952 400.000000 8.130081
2170 0.004321 1.193881 500.000000 8.547009
2180 0.006573 0.356492 100.000000 10.869565
2180 0.011675 0.334086 200.000000 6.578948
2180 0.007754 0.843797 300.000000 7.537688
2180 0.005858 1.102628 400.000000 8.130081
2190 0.007066 0.449775 100.000000 10.526316
2190 0.011662 0.429892 200.000000 6.557377
2190 0.007728 0.909018 300.000000 7.518797
2190 0.005886 1.149479 400.000000 8.097166
2200 0.005572 0.345534 100.000000 9.900990
2200 0.012403 0.664734 200.000000 6.535948
2200 0.008267 1.088762 300.000000 7.518797
2200 0.006225 1.297733 400.000000 8.064516
2210 0.006208 0.289683 100.000000 4.901961
2210 0.012544 0.816093 200.000000 6.514658
2210 0.008478 1.198008 300.000000 7.518797
2210 0.006182 1.386948 400.000000 8.032128
2220 0.023690 0.062669 100.000000 4.694836
2220 0.013312 1.002216 200.000000 6.493506
2220 0.008864 1.337651 300.000000 7.481297
2220 0.006293 1.493901 400.000000 8.032128
2230 0.027601 0.346430 100.000000 4.651163
2230 0.014014 1.183540 200.000000 6.493506
2230 0.009345 1.463405 300.000000 7.444169
2230 0.006470 1.592398 400.000000 8.032128
2240 0.028421 0.618715 100.000000 4.651163
2240 0.014345 1.311969 200.000000 6.514658
2240 0.009663 1.556474 300.000000 7.425743
2240 0.006622 1.660921 400.000000 8.048289
2250 0.028941 0.874123 100.000000 4.651163
2250 0.014525 1.438515 200.000000 6.514658
2250 0.009729 1.643605 300.000000 7.425743
2250 0.006773 1.722487 400.000000 8.064516
2260 0.029434 1.104109 100.000000 4.672897
2260 0.014610 1.562248 200.000000 6.514658
2260 0.009875 1.727986 300.000000 7.444169
2260 0.006963 1.790081 400.000000 8.064516
2270 0.029888 1.347261 100.000000 4.672897
2270 0.014900 1.688659 200.000000 6.493506
2270 0.009990 1.804744 300.000000 7.462687
2280 0.030244 1.529120 100.000000 4.716981
2280 0.015077 1.781251 200.000000 6.535948
2280 0.010152 1.871426 300.000000 7.481297
2290 0.030298 1.703258 100.000000 4.761905
2290 0.015098 1.877168 200.000000 6.578948
2290 0.010191 1.922816 300.000000 7.518797
2300 0.030326 1.835542 100.000000 4.854369
2300 0.015161 1.939726 200.000000 6.688963
2300 0.010141 1.967510 300.000000 7.575758
2310 0.030172 1.918879 100.000000 5.000000
2310 0.015193 1.986386 200.000000 6.825939
2310 0.010074 1.993296 300.000000 7.692307
2320 0.027587 1.926167 100.000000 5.181347
2320 0.013974 1.969960 200.000000 7.017544
2320 0.009188 1.978602 300.000000 7.832898
2330 0.026946 1.926921 100.000000 5.434783
2330 0.013665 1.966256 200.000000 7.246377
2330 0.008956 1.971502 300.000000 8.021390
2340 0.026948 1.927189 100.000000 5.747127
2340 0.013666 1.966462 200.000000 7.518797
2340 0.008956 1.971686 300.000000 8.241758
2350 0.026948 1.927432 100.000000 6.097561
2350 0.013666 1.966581 200.000000 7.812500
2350 0.008956 1.971763 300.000000 8.474576
2360 0.026944 1.927824 100.000000 6.493506
2360 0.013664 1.966740 200.000000 8.130081
2360 0.008955 1.971846 300.000000 8.720930
2370 0.026950 1.928030 100.000000 6.944445
2370 0.013667 1.966901 200.000000 8.474576
2370 0.008957 1.971990 300.000000 8.982036
2380 0.026956 1.928257 100.000000 7.462687
2380 0.013670 1.967079 200.000000 8.849558
2380 0.008959 1.972148 300.000000 9.259259
2390 0.026947 1.927810 100.000000 8.064516
2390 0.013665 1.966749 200.000000 9.259259
2390 0.008956 1.971861 300.000000 9.554140
2400 0.026449 1.912718 100.000000 8.771930
2400 0.013416 1.953779 200.000000 9.708738
2400 0.008789 1.959780 300.000000 9.868421
2410 0.021470 1.740888 100.000000 9.433962
2410 0.010921 1.783640 200.000000 10.101010
2410 0.007058 1.795442 300.000000 10.101010
2420 0.012043 1.140802 100.000000 10.000000
2420 0.006139 1.176180 200.000000 10.362695
2420 0.003799 1.180108 300.000000 10.309278
2430 0.004151 0.431089 100.000000 10.416667
2430 0.002101 0.444163 200.000000 10.582010
2430 0.000950 0.446267 300.000000 10.452962
2440 0.000454 0.059358 100.000000 10.638298
2440 0.000173 0.071678 200.000000 10.582010
2440 0.000530 0.062103 300.000000 10.526316
2450 0.000432 0.053855 100.000000 10.638298
2450 0.000454 0.065416 200.000000 10.526316
2450 0.000615 0.052608 300.000000 10.563380
2460 0.000261 0.042244 100.000000 10.638298
2460 0.000208 0.061987 200.000000 10.471204
2460 0.000656 0.055729 300.000000 10.600707
2470 0.000232 0.065746 100.000000 10.638298
2470 0.000120 0.075423 200.000000 10.526316
2470 0.000546 0.074102 300.000000 10.600707
2480 0.000312 0.058052 100.000000 10.526316
2480 0.000095 0.064780 200.000000 10.526316
2490 0.000190 0.060717 100.000000 10.526316
2490 0.000105 0.062792 200.000000 10.526316
2500 0.000247 0.065676 100.000000 10.526316
2500 0.000156 0.061485 200.000000 10.471204
2510 0.000314 0.076782 100.000000 10.638298
2510 0.000089 0.073848 200.000000 10.416667
2520 0.000208 0.087159 100.000000 10.638298
2520 0.000400 0.076711 200.000000 10.416667
2530 0.000210 0.078403 100.000000 10.526316
2530 0.000904 0.061091 200.000000 10.416667
2540 0.000579 0.081558 100.000000 10.204082
2540 0.001115 0.066354 200.000000 10.416667
2550 0.000159 0.093762 100.000000 10.101010
2550 0.001121 0.086583 200.000000 10.471204
2560 0.000244 0.089143 100.000000 10.204082
2560 0.000850 0.072972 200.000000 10.526316
2570 0.000570 0.073278 100.000000 10.309278
2570 0.000641 0.038474 200.000000 10.582010
2580 0.000225 0.082849 100.000000 10.416667
2590 0.000415 0.055141 100.000000 10.309278
2600 0.000152 0.052907 100.000000 10.101010
2610 0.000879 0.056902 100.000000 10.000000
2620 0.001527 0.058008 100.000000 10.101010
2630 0.001868 0.033186 100.000000 10.309278
2640 0.002668 0.106661 100.000000 10.526316
2650 0.002199 0.109864 100.000000 10.638298
2660 0.001816 0.121840 100.000000 10.638298
