0.0760885
0.0832521
0.046631
0.0231913
0.0439725
0.0392713
0.0580993
0.0374162
0.0495614
0.0285189
0.0448409
0.0468197
0.0437769
0.0339536
0.024959
0.0466805
0.0233447
0.0392738
0.0215341
0.0426203
0.0352164
0.023972
0.0247813
0.0235944
0.0431105
0.0235726
0.0534999
0.034529
0.0198617
0.0209327
0.0451445
0.022667
0.0472516
0.0212761
0.0479941
0.0223016
0.0211611
0.0600101
0.02806
0.0430639
0.0238692
0.0207094
0.0478058
0.0319256
0.0438792
0.0425001
0.0244539
0.0434919
0.0413664
0.022474
0.0453969
0.0254252
0.0475971
0.0271663
0.0461239
0.0249384
0.0481372
0.0282612
0.0430901
0.0305058
0.0444301
0.0252197
0.0527681
0.0269274
0.0423283
0.0245326
0.053395
0.0261762
0.0439695
0.0257588
0.028716
0.0427112
0.0235828
0.0356076
0.0464257
0.0206219
0.0386852
0.0202072
0.0412669
0.0201354
0.0335195
0.0517134
0.0184392
0.0296506
0.0196219
0.0553065
0.0209613
0.0230747
0.0199754
0.0472179
0.0197739
0.0217691
0.0474482
0.0231874
0.0473114
0.0256945
0.039458
0.0248893
0.0427394
0.0245483
0.0439413
0.0493487
0.0301085
0.0345063
0.0236903
0.0456527
0.0251471
0.0495864
0.0257116
0.0393739
0.026515
0.0241765
0.0260407
0.0396108
0.0241721
0.0296348
0.0308323
0.0480885
0.0321498
0.0258781
0.0293269
0.0371114
0.0313161
0.0358077
0.0306558
0.0420781
0.0215433
0.0491204
0.0237801
0.0471863
0.06163
0.0288483
0.0230866
0.0493218
0.0255709
0.0310177
0.0444462
0.0214798
0.0262702
0.0271088
0.0232923
0.0438325
0.0216221
0.0595641
0.0205756
0.0558099
0.0227449
0.0239134
0.0204758
0.0272154
0.0276835
0.046494
0.0222555
0.0413143
0.0273004
0.0380578
0.0335048
0.0406983
0.0270037
0.0542609
0.0201999
0.0449532
0.0188588
0.0466811
0.0217782
0.0447542
0.0236939
0.0404921
0.0250377
0.0458283
0.0238559
0.0552549
0.022854
0.0466017
0.0223561
0.0518401
0.0338249
0.0436921
0.021135
0.0504055
0.0215938
0.0299213
0.0460928
0.0198796
0.0571737
0.0217564
0.0578818
0.0241523
0.0474445
0.0270714
0.0554755
0.0379108
0.0247402
0.0452992
0.0437921
0.0255036
0.0552991
0.0385709
0.0386034
0.0394242
0.0303442
0.0402361
0.0523853
0.0252819
0.0484986
0.0280121
0.0469662
0.0337875
0.0364045
0.0442673
0.0195445
0.0456531
0.0261363
0.0359354
0.0406622
0.0547951
0.0288602
0.0332818
0.0412751
0.0454848
0.054023
0.0259199
0.0458142
0.0310837
0.0408032
0.0286662
0.0477811
0.0338041
0.0452675
0.0227711
0.0557081
0.0410833
0.0494078
0.0281937
0.0559172
0.0253391
0.0450753
0.022684
0.0420178
0.0243515
0.0472074
0.0197781
0.0548
0.0215789
0.0570727
0.046768
0.0222388
0.0348801
0.0478048
0.022579
0.0455919
0.0220935
0.0389967
0.0276496
0.0492566
0.021696
0.045953
0.0211868
0.0295356
0.046625
0.0214145
0.0426709
0.0266624
0.0375315
0.0306598
0.0447916
0.0279011
0.0405527
0.0415166
0.0556195
0.0239338
0.0460846
0.0239571
0.0352311
0.0422039
0.0469893
0.0409515
0.0283165
0.038492
0.0616452
0.0404922
0.0465642
0.0468814
0.0217251
0.0444464
0.0471706
0.0317851
0.0487995
0.0263143
0.0440126
0.0255781
0.0405742
0.0320018
0.0458775
0.0438278
0.020561
0.0441141
0.0221044
0.0438409
0.0212663
0.0315404
0.0210409
0.0485746
0.0387784
0.0388569
0.046538
0.0201488
0.056293
0.025167
0.0484158
0.0311627
0.0225074
0.0398406
0.01999
0.0458
0.0255294
0.043857
0.0328701
0.0267083
0.0441054
0.0453476
0.0566338
0.0203154
0.0435903
0.0344682
0.0409331
0.0443995
0.0542457
0.0319248
0.043355
0.0214735
0.0458812
0.0426344
0.0486879
0.0199628
0.0431774
0.0374435
0.0379723
0.0413101
0.0337284
0.0418962
0.0495392
0.0409355
0.0295168
0.0386902
0.0444137
0.0314646
0.0369914
0.033691
0.0265137
0.0475529
0.0211528
0.0424848
0.0315979
0.0348136
0.0250165
0.0520924
0.0220467
0.0433029
0.0395563
0.0247616
0.0423472
0.0209994
0.0256116
0.0596826
0.0374607
0.0430346
0.0448196
0.0327906
0.0432683
0.0445789
0.0374782
0.0580139
0.0232834
0.0548928
0.0570002
0.0281962
0.042758
0.0434873
0.0343175
0.0401739
0.0451889
0.0244818
0.0490012
0.0314526
0.0447564
0.0295665
0.047829
0.0229439
0.0382205
0.0441445
0.0238925
0.0353492
0.0272053
0.0280343
0.0435168
0.0252844
0.031346
0.0262772
0.027725
0.0254103
0.0359693
0.0256375
0.0637263
0.031831
0.0440414
0.0287754
0.0497202
0.0235771
0.0504353
0.0318933
0.0405207
0.0225496
0.0245636
0.0372637
0.0469215
0.0234172
0.0208947
0.0464817
0.0231828
0.0397092
0.0242698
0.0218299
0.0214508
0.0219195
0.0223519
0.0237968
0.0268159
0.0211528
0.0255837
0.0261492
0.0191746
0.0233743
0.0238207
0.0209295
0.0455634
0.0220886
0.0201714
0.0220351
0.0248545
0.047891
0.0256453
0.0210126
0.050278
0.0204929
0.0531603
0.0220132
0.0355741
0.0529476
0.022659
0.043793
0.0403577
0.0310151
0.0405985
0.0460117
0.0254122
0.0405283
0.0516612
0.0215493
0.0547548
0.0206268
0.0425861
0.0223217
0.0423237
0.0219745
0.0418607
0.0174126
0.0406061
0.0215948
0.0417087
0.0478499
0.0189129
0.0306568
0.0406693
0.0173864
0.0400154
0.0369792
0.0510786
0.0209565
0.042927
0.0196723
0.0571852
0.0323563
0.0190849
0.0462221
0.0547122
0.0350549
0.030381
0.0193555
0.0440255
0.0244102
0.0469394
0.0206859
0.0359575
0.0273248
0.0196742
0.0461003
0.0242012
0.0557783
0.0182301
0.0484887
0.0252758
0.0433454
0.0188833
0.0442032
0.0219091
0.0470454
0.038262
0.0268323
0.0428989
0.0192226
0.0450344
0.0413183
0.0182686
0.0427647
0.0187242
0.0446282
0.0185476
0.0477846
0.0228205
0.0419016
0.0298047
0.0204828
0.0187459
0.0517521
0.019807
0.042505
0.018675
0.0205812
0.0191485
0.0577749
0.0229387
0.0378424
0.0191488
0.047158
0.0210689
0.0184995
0.0428191
0.0326385
0.0171113
0.0449891
0.0184685
0.029576
0.0474586
0.0201696
0.0210166
0.0405785
0.0164111
0.0513376
0.0184184
0.0318622
0.0387023
0.0225238
0.0319813
0.0246271
0.0471649
0.0201145
0.0414127
0.0403529
0.0348325
0.0237973
0.0511789
0.0209911
0.0422391
0.0172388
0.0425239
0.0179273
0.0256963
0.0418603
0.0165896
0.0227511
0.0398987
0.0192193
0.0428385
0.0173503
0.0260333
0.0517775
0.0220926
0.0177117
0.0453743
0.0184109
0.0247024
0.0175894
0.0246272
0.0273846
0.0191315
0.0305023
0.027289
0.023566
0.0260983
0.0228865
0.0349241
0.0180918
0.0409597
0.019933
0.0547237
0.0427426
0.0189331
0.0538507
0.0332428
0.0181737
0.0429851
0.0173135
0.0336316
0.0179526
0.0400528
0.0202506
0.0218258
0.0220556
0.0360955
0.0180923
0.0247774
0.0186266
0.0193325
0.0192356
0.0205949
0.0205403
0.0187625
0.0227858
0.0476716
0.0231369
0.0535037
0.0218488
0.0395601
0.0225379
0.0249796
0.0253352
0.0464851
0.0188554
0.0461806
0.0289134
0.0377739
0.0255982
0.0229405
0.0179289
0.0435746
0.0234157
0.0429753
0.0243207
0.0409712
0.0185935
0.0399876
0.0204607
0.0467301
0.0382322
0.0213446
0.0401124
0.0196341
0.0276589
0.0558071
0.0217419
0.0237854
0.0534404
0.021474
0.0433678
0.0533623
0.0347223
0.0201988
0.0433312
0.0214115
0.0457821
0.0214973
0.053569
0.0363446
0.037652
0.0331916
0.0471694
0.0474334
0.0207462
0.0258367
0.0446327
0.0197011
0.023417
0.0434941
0.0208125
0.0445892
0.0195399
0.0444315
0.0212534
0.0497963
0.0210638
0.0191029
0.0448942
0.0216799
0.0175275
0.044985
0.0287324
0.0525096
0.0292659
0.0522153
0.0224971
0.018991
0.0417415
0.0450304
0.0242841
0.0438248
0.0249877
0.0302239
0.0277435
0.050989
0.0430086
0.0262283
0.0277176
0.0252045
0.0464949
0.0241935
0.0217509
0.0267947
0.0317943
0.0279973
0.0461952
0.0256001
0.0244534
0.0230366
0.019167
0.0210518
0.0178924
0.0499922
0.021031
0.041669
0.0284019
0.0295143
0.0534707
0.0180725
0.0366136
0.0182662
0.0206939
0.0457485
0.0212099
0.0198885
0.0443222
0.0239128
0.0206669
0.0512524
0.0372302
0.0215256
0.0216431
0.0389105
0.0233793
0.0455732
0.0232668
0.0454465
0.0220463
0.0441433
0.0243053
0.0390514
0.0291998
0.0442451
0.0291597
0.0401088
0.0276281
0.0363852
0.0283429
0.0535151
0.0261186
0.0361804
0.0245906
0.0365228
0.0549742
0.0264867
0.0411743
0.0274062
0.0346
0.0267889
0.0325987
0.024111
0.0425497
0.0282432
0.0456613
0.021697
0.0360007
0.02168
0.0544779
0.0230233
0.0492497
0.0273211
0.0632816
0.0488023
0.0466123
0.0207866
0.0185364
0.0472955
0.0283278
0.0216009
0.0207191
0.0565001
0.0238438
0.0369632
0.0226968
0.0424842
0.0433212
0.022814
0.0509809
0.0299755
0.0524806
0.034949
0.030499
0.0492507
0.0379354
0.0588328
0.0229791
0.0412484
0.0248139
0.0489052
0.0227916
0.02259
0.0468179
0.0208925
0.0395073
0.0333809
0.0202982
0.0225628
0.0458811
0.018544
0.0446851
0.0185258
0.0450688
0.020472
0.0439214
0.020326
0.0385804
0.0326164
0.0210733
0.019654
0.0516221
0.0198382
0.0191787
0.0479065
0.02235
0.0224924
0.046956
0.0343112
0.0335169
0.0196488
0.0449188
0.0265284
0.0228199
0.0197113
0.0213857
0.0575558
0.0244352
0.0330706
0.0222227
0.0483905
0.02026
0.0540597
0.0207363
0.0569185
0.0214887
0.0448832
0.0232746
0.0438761
0.0346004
0.0329432
0.0333192
0.0453191
0.0199101
0.043783
0.0261704
0.0470985
0.0395339
0.0539376
0.024578
0.0421458
0.019537
0.0262324
0.0453084
0.026928
0.0435149
0.0364781
0.0377783
0.04056
0.0378627
0.0234168
0.0342964
0.0220881
0.0313382
0.0605982
0.0220821
0.0450372
0.0213692
0.0241209
0.043538
0.020819
0.0210286
0.04902
0.0195718
0.0571179
0.0206544
0.0242849
0.0531862
0.0233493
0.0221047
0.0391508
0.0174551
0.0297779
0.0545103
0.0176792
0.0428601
0.0182822
0.0275437
0.0531455
0.0202403
0.0496312
0.026782
0.0431506
0.0379982
0.0206109
0.0189406
0.0594149
0.0216529
0.0235541
0.0421369
0.0313074
0.0216356
0.0350536
0.0229118
0.0411662
0.024316
0.0397247
0.023106
0.0428418
0.0229406
0.044767
0.0242879
0.0293711
0.0269044
0.0334884
0.0299274
0.0273807
0.0235678
0.0344217
0.023271
0.0214397
0.022348
0.0307956
0.0234355
0.0530435
0.026861
0.0218716
0.0489355
0.0281657
0.0205124
0.0204983
0.0457257
0.0282541
0.03848
0.0218373
0.0286114
0.0187946
0.0532277
0.0260192
0.0272013
0.0217108
0.0204936
0.0543608
0.0279148
0.0314296
0.0208176
0.0214046
0.0473215
0.0235273
0.0202921
0.0435399
0.0227478
0.0493596
0.0210428
0.043735
0.020134
0.0194579
0.0445342
0.0274484
0.0395261
0.0186218
0.0413941
0.0212003
0.053316
0.0201869
0.0410385
0.0198369
0.0490543
0.0266329
0.0471501
0.0397972
0.0216083
0.0502478
0.0382307
0.0226207
0.0353566
0.0515659
0.0272
0.0295996
0.043995
0.043744
0.0216887
0.0466344
0.036485
0.0215906
0.0474379
0.035381
0.0282724
0.0418112
0.0242277
0.038395
0.0258446
0.0382656
0.0255929
0.0442903
0.0368441
0.054426
0.0188068
0.0395905
0.0216432
0.0462609
0.0384299
0.0372842
0.0204514
0.0216054
0.0255308
0.0410173
0.0215231
0.0175357
0.0235763
0.0192755
0.0240642
0.019662
0.0181616
0.0220794
0.0452353
0.0345279
0.0204455
0.0192795
0.020585
0.0435441
0.0260457
0.0416186
0.0207357
0.0189377
0.0436872
0.0265046
0.0461985
0.0200327
0.0295866
0.0196742
0.0394716
0.0238563
0.0471529
0.022784
0.0264317
0.0225647
0.0213074
0.045317
0.021963
0.0388503
0.0260516
0.0330665
0.0212364
0.0354802
0.0206785
0.0208025
0.0401065
0.0222781
0.0201156
0.0233023
0.0222716
0.0298253
0.0250711
0.0441805
0.0396372
0.0267128
0.0247155
0.0272319
0.0210802
0.0277439
0.0218418
0.0429658
0.0241623
0.0292038
0.0259205
0.029132
0.0249635
0.0307989
0.0257805
0.0225589
0.0180938
0.0389001
0.0325303
0.0260136
0.0197543
0.0164071
0.0436893
0.0194817
0.0410512
0.0511241
0.0418048
0.01869
0.0179602
0.041778
0.0181225
0.0187552
0.0248287
0.0192122
0.0211174
0.0338213
0.0171416
0.0377229
0.0259403
0.0429372
0.0236117
0.0260033
0.016394
0.0177689
0.0181989
0.044306
0.0237335
0.0212236
0.0432072
0.0188198
0.0243641
0.020204
0.0387684
0.0248885
0.0278181
0.0221598
0.0226724
0.0206891
0.0274974
0.025603
0.0239668
0.0233572
0.0429197
0.0237427
0.0233933
0.0397806
0.0259537
0.0189207
0.0224088
0.0369877
0.0249034
0.0250218
0.0244539
0.0210444
0.027196
0.0447817
0.0243918
0.0176602
0.0297491
0.0313487
0.0276811
0.0225566
0.0186088
0.0181551
0.0308636
0.0373788
0.0418334
0.0459827
0.051214
0.0324542
0.0312859
0.0242312
0.0207617
0.0354049
0.0230475
0.0246258
0.0211818
0.0282165
0.0171794
0.038203
0.0211857
0.0398611
0.0254095
0.0419263
0.026209
0.0376818
0.0268949
0.0390429
0.0247819
0.0192701
0.0401316
0.0210087
0.0192855
0.0439437
0.0271094
0.0472409
0.0183811
0.0304438
0.0278655
0.0365245
0.03019
0.0249799
0.0232831
0.0464462
0.0283733
0.0339599
0.0232711
0.0421242
0.0202337
0.0364211
0.0250835
0.0484514
0.0176012
0.0540646
0.026214
0.0217477
0.0238336
0.0382346
0.0261894
0.0334175
0.0316491
0.024753
0.0334991
0.0289826
0.0212354
0.0353198
0.0219796
0.0189611
0.0332906
0.0223131
0.0198107
0.0696888
0.0275264
0.0193465
0.0242286
0.0513257
0.0300836
0.0356926
0.0416447
0.0218539
0.0423914
0.0210839
0.042653
0.040811
0.0213827
0.0377763
0.021639
0.0427633
0.0226978
0.0373608
0.0220556
0.0467191
0.0214091
0.0356901
0.0210867
0.0437278
0.0202059
0.0204501
0.0579779
0.0339556
0.0191914
0.020285
0.0236664
0.0204823
0.0199954
0.0218549
0.0206333
0.0210806
0.0258622
0.0476653
0.0263678
0.0260761
0.0197765
0.0206477
0.0272636
0.0271576
0.0208697
0.0224925
0.0215151
0.0239931
0.020717
0.0208633
0.028116
0.02756
0.0181745
0.0209031
0.0427201
0.0253396
0.0183285
0.0269173
0.0431393
0.0256581
0.0188167
0.0235946
0.0252265
0.0469924
0.0298607
0.0203416
0.0264057
0.0316478
0.0302817
0.0190243
0.0251846
0.0250829
0.0257629
0.0196567
0.0419159
0.0328519
0.0332333
0.0342773
0.0339623
0.0249187
0.0519906
0.035713
0.0231099
0.0234633
0.019622
0.0395339
0.0352587
0.0218451
0.0280099
0.0248321
0.030804
0.0290517
0.0268155
0.025882
0.0367232
0.024552
0.0327182
0.0411107
0.0278076
0.0196756
0.0244453
0.0302499
0.0268476
0.0405097
0.0242922
0.0190729
0.0235974
0.0296205
0.0205268
0.0433525
0.0240804
0.0299947
0.0423361
0.0237174
0.0493305
0.0265067
0.0360191
0.0240849
0.0467907
0.0273059
0.0226963
0.0297964
0.0404453
0.0269508
0.0212342
0.0225687
0.0218486
0.0337973
0.0335099
0.0338944
0.0259685
0.031353
0.0230173
0.0235371
0.0409874
0.0224418
0.0209409
0.0193999
0.0198584
0.0231225
0.0216521
0.0221813
0.0251451
0.0249545
0.0224992
0.0225509
0.0284007
0.0434707
0.0264369
0.0313486
0.0209801
0.0479812
0.0233611
0.0199837
0.0337042
0.0244655
0.0208315
0.0268393
0.0206328
0.0206713
0.0375266
0.0309015
0.0261343
0.0440638
0.0213064
0.0342622
0.0318326
0.0475686
0.0440552
0.0301434
0.0344068
0.0259032
0.0223973
0.0418921
0.0244981
0.0268376
0.0472427
0.0300152
0.028241
0.0489972
0.0292773
0.0460393
0.0337274
0.0298012
0.0208402
0.0306716
0.0408336
0.0489484
0.0329004
0.0401958
0.0485474
0.031583
0.0423234
0.0291188
0.0244961
0.0314644
0.0476269
0.0272014
0.0312705
0.029037
0.0199584
0.0255521
0.0331427
0.0295214
0.0229177
0.0408475
0.0254162
0.022415
0.0317027
0.0276758
0.030836
0.0292454
0.0239007
0.0285539
0.0253181
0.0350627
0.024646
0.0250741
0.0428933
0.0283632
0.0204694
0.0244984
0.0284671
0.0392864
0.024494
0.0305288
0.0466315
0.0218035
0.0270666
0.0215688
0.0361136
0.0294949
0.0373234
0.019617
0.018716
0.0199929
0.0477597
0.026265
0.0220943
0.0493651
0.0208667
0.0337945
0.0244148
0.0467763
0.0209835
0.0318748
0.0219117
0.037909
0.0318388
0.0226895
0.0367185
0.0454525
0.0222098
0.0503219
0.0284184
0.0431181
0.0278281
0.0424268
0.020158
0.0271228
0.0382947
0.0353754
0.0303995
0.0223916
0.0393516
0.0404433
0.0371897
0.0400001
0.0254653
0.0517286
0.0402999
0.0242807
0.0201416
0.0286738
0.0393744
0.0223513
0.0460224
0.0407421
0.0314245
0.0314603
0.0283663
0.0427164
0.0267477
0.0378386
0.0314066
0.046902
0.0239271
0.0407033
0.0436704
0.0240624
0.0227101
0.0216632
0.0263053
0.0267289
0.0402886
0.0254277
0.0317143
0.0517759
0.0242353
0.0210398
0.0245857
0.0400232
0.0269082
0.0440328
0.0232033
0.0358114
0.0218533
0.0353539
0.0251097
0.0376546
0.0220659
0.0301746
0.027174
0.0344985
0.0249756
0.0248274
0.0387677
0.0207781
0.0187423
0.0483335
0.0289452
0.0202285
0.0216769
0.0409278
0.0188147
0.0229445
0.0475734
0.0218966
0.0442663
0.0203658
0.0200776
0.0345128
0.0219985
0.0352146
0.0216179
0.020766
0.0203249
0.0223535
0.0222698
0.0218774
0.0208925
0.0204623
0.0233613
0.0221188
0.0404017
0.0245128
0.0359593
0.025746
0.0383875
0.0239876
0.0465314
0.0223553
0.0347658
0.0213126
0.0333028
0.0216731
0.0235491
0.0408595
0.0233568
0.0441338
0.0233185
0.0292685
0.0404041
0.0183682
0.0214487
0.0472665
0.0242914
0.0322267
0.0244736
0.0350418
0.042687
0.0288964
0.0373252
0.0239531
0.0348955
0.0335139
0.0251298
0.0301208
0.029266
0.0244928
0.0276454
0.0290416
0.0315163
0.027386
0.0351338
0.0247593
0.0322168
0.0274827
0.0427769
0.0240282
0.0281554
0.0246324
0.0226424
0.026061
0.0220814
0.030732
0.0207646
0.0420761
0.0242575
0.0213436
0.0209729
0.0298146
0.0222826
0.0216589
0.0244441
0.021554
0.0194829
0.0206828
0.0203862
0.0199606
0.0195282
0.0187822
0.017801
0.0513184
0.0242837
0.021752
0.0419707
0.037024
0.019325
0.0185698
0.0415791
0.0185625
0.0424598
0.0219483
0.0347851
0.0351778
0.0416905
0.0201407
0.0323121
0.0376949
0.0242471
0.024379
0.0395949
0.0406625
0.0228554
0.0335325
0.0296825
0.0315215
0.0287247
0.0308726
0.0385408
0.0240181
0.0252868
0.0227086
0.0317863
0.0279295
0.0247776
0.0204195
0.0313649
0.047269
0.0218873
0.0291944
0.0239486
0.0307176
0.028763
0.0375017
0.0319672
0.0335821
0.0248509
0.028392
0.0334207
0.0300879
0.0314544
0.0242102
0.0296474
0.0257467
0.0380627
0.029782
0.0295748
0.0250145
0.0414291
0.0251276
0.0255475
0.0247343
0.0280463
0.0306887
0.0239114
0.0254818
0.0218928
0.0281835
0.0256536
0.0415342
0.0300947
0.0316509
0.0430148
0.0189332
0.0449712
0.0218135
0.0339072
0.0294138
0.0331386
0.0238881
0.0204954
0.0331576
0.0391963
0.0408139
0.0199334
0.0304644
0.0420225
0.0223512
0.0393696
0.0271654
0.0361785
0.0206931
0.035346
0.0195208
0.0332003
0.0264588
0.034971
0.0285167
0.0355319
0.0184123
0.0459542
0.0168701
0.0354172
0.0360647
0.0241658
0.0401439
0.0192729
0.0235493
0.0278357
0.0437761
0.0191202
0.0348454
0.0190384
0.035257
0.0163315
0.0220333
0.0375647
0.0214818
0.0332493
0.0303288
0.0238653
0.0219338
0.0392229
0.0192921
0.0332363
0.0198768
0.0285083
0.0187821
0.0268979
0.0173737
0.0303176
0.020433
0.0456245
0.0251389
0.018805
0.041848
0.0172224
0.0375116
0.0245329
0.0281364
0.0183794
0.0187913
0.0311497
0.0218693
0.0333327
0.0208737
0.0304743
0.0181686
0.0360859
0.0256719
0.0274156
0.0424316
0.0429869
0.0209691
0.0551535
0.0214878
0.0411448
0.0208289
0.0360012
0.0228
0.0269686
0.0211908
0.0358839
0.030044
0.0382091
0.0263976
0.0281613
0.0407485
0.0195166
0.0373162
0.0387482
0.0327964
0.0236153
0.0238494
0.0259674
0.0189937
0.0242205
0.0176878
0.0230541
0.023601
0.0264071
0.0386389
0.0379479
0.0358401
0.0224876
0.0207826
0.0423834
0.0205732
0.0289175
0.0380747
0.0395
0.0210049
0.0225495
0.0361442
0.0282566
0.0213028
0.0365318
0.0225239
0.0272742
0.0405935
0.0254267
0.0266057
0.021478
0.0260044
0.0204417
0.0393492
0.0263115
0.0337211
0.0211747
0.0293108
0.0206407
0.0173325
0.042611
0.0203004
0.022505
0.0407284
0.0195141
0.017723
0.0348259
0.0197751
0.0326302
0.0260665
0.0193685
0.0325213
0.0203331
0.018646
0.0501932
0.030247
0.023008
0.0218594
0.0264179
0.0374505
0.0224084
0.0304578
0.0221315
0.0326568
0.0280929
0.0231187
0.044818
0.0222512
0.0228779
0.0344859
0.0228718
0.0345444
0.0270313
0.0301324
0.0217956
0.0266899
0.0230176
0.0204851
0.0363605
0.024041
0.0240381
0.0218129
0.0371758
0.0222888
0.0411654
0.0293964
0.0234134
0.0338992
0.0251544
0.0480897
0.026047
0.046044
0.0265078
0.0283077
0.0235036
0.0280487
0.0293495
0.0301323
0.0199599
0.0312707
0.0193495
0.0381297
0.0509017
0.0260769
0.0242396
0.0404487
0.0194409
0.0294543
0.0407829
0.0320862
0.0222055
0.0237719
0.0180936
0.0299623
0.0319773
0.0230387
0.0324229
0.040384
0.0209015
0.0297479
0.0312057
0.0190395
0.0223742
0.0183527
0.0365617
0.0347001
0.0341211
0.0207539
0.0416067
0.0379705
0.0353423
0.0350542
0.0245233
0.0214144
0.0477312
0.036707
0.0209249
0.0361712
0.0401546
0.0207328
0.0378196
0.0252104
0.0247453
0.0352707
0.0251034
0.0386236
0.023622
0.0433925
0.0253262
0.0319526
0.0258387
0.0391363
0.0247833
0.0252811
0.0246117
0.0248831
0.0417614
0.0284257
0.0331863
0.0330448
0.0236798
0.0332825
0.0313951
0.0348391
0.0273873
0.0262144
0.0512238
0.024812
0.0218353
0.0310424
0.0234367
0.0225253
0.0392657
0.0295269
0.0267535
0.0265605
0.0265555
0.0278444
0.0249441
0.0223352
0.0262346
0.0249941
0.020724
0.0202432
0.0380241
0.0224965
0.0463997
0.0370657
0.0224252
0.0203789
0.0292358
0.0338172
0.0223643
0.033357
0.0262654
0.0348925
0.0453533
0.0292204
0.0253474
0.0217368
0.0283773
0.0200119
0.0326742
0.0228994
0.0422307
0.0204333
0.023461
0.0421265
0.0242237
0.0237831
0.0222965
0.0222796
0.0213467
0.0222864
0.0255959
0.023029
0.0261235
0.026141
0.0269742
0.0215704
0.035061
0.0261012
0.0288008
0.0245741
0.0234809
0.0191084
0.0268004
0.0228028
0.0234527
0.0192655
0.032459
0.0227575
0.0332463
0.0294674
0.0317478
0.0271758
0.0369863
0.0276587
0.0233485
0.0378425
0.0230708
0.0422595
0.0224184
0.0262829
0.0255618
0.030588
0.0224786
0.0198281
0.0419064
0.0222869
0.0214747
0.0264128
0.0203683
0.0354823
0.0192819
0.0306835
0.0220761
0.0281755
0.0406654
0.0199949
0.034339
0.0352109
0.0189264
0.0351703
0.0217941
0.0371423
0.0186541
0.0255584
0.0285378
0.0372783
0.021182
0.0201929
0.0200937
0.025387
0.0276151
0.0325202
0.0219473
0.0284896
0.024568
0.0233961
0.0236893
0.0226668
0.0213853
0.0271321
0.0382842
0.0263941
0.0241502
0.024263
0.0360651
0.0300217
0.0256442
0.0250158
0.0225354
0.023413
0.0235319
0.0227163
0.0205759
0.0217637
0.0206933
0.0207273
0.0202167
0.0195904
0.0209464
0.0198084
0.0225662
0.0202559
0.0213524
0.020879
0.0245346
0.0437841
0.0218804
0.0260147
0.0232895
0.0330442
0.0210515
0.0263855
0.0474739
0.0206138
0.0192806
0.033737
0.0251285
0.032669
0.0331461
0.0362876
0.0239302
0.0391219
0.0392384
0.0180189
0.0322073
0.0319258
0.0345962
0.02641
0.0401867
0.0342206
0.036098
0.027648
0.0379355
0.0205431
0.0349974
0.0472182
0.0370216
0.031917
0.0182674
0.0229257
0.0403177
0.0391938
0.042315
0.0303801
0.0303863
0.0393493
0.020038
0.0232272
0.0241512
0.0335151
0.0344236
0.04103
0.0230595
0.0408298
0.0441843
0.0250527
0.0226194
0.04
0.0275514
0.0356007
0.024236
0.0240521
0.0343653
0.0334444
0.0207273
0.0305684
0.0228235
0.0374516
0.0231053
0.022587
0.0318432
0.0202263
0.0243041
0.022133
0.0238769
0.0227509
0.0410284
0.0284437
0.0364592
0.0202079
0.0197141
0.0477539
0.0304551
0.0296373
0.022459
0.0346028
0.0235441
0.0267103
0.019433
0.0306162
0.0230791
0.0199491
0.0203613
0.0229967
0.0214749
0.0216657
0.0222615
0.0337088
0.0271384
0.0196858
0.0179506
0.0175175
0.0188254
0.0210337
0.0243554
0.0346186
0.0348867
0.0225831
0.0247092
0.0257408
0.0241611
0.0256418
0.02234
0.0223372
0.0218031
0.0196705
0.0271666
0.0173031
0.0193853
0.0211173
0.0283561
0.0229806
0.0231129
0.0191429
0.0248361
0.0259307
0.0241854
0.0251979
0.0313932
0.0216787
0.030356
0.0233462
0.0289665
0.0245995
0.0297348
0.0215724
0.0267549
0.0291047
0.0453978
0.0249717
0.0184339
0.0320523
0.0261028
0.0272143
0.0197221
0.0278691
0.040518
0.0341049
0.0326596
0.0274929
0.0222219
0.0371841
0.0321811
0.0362466
0.0218683
0.026387
0.0321363
0.0458583
0.0324179
0.0205409
0.030487
0.0406846
0.031411
0.0280074
0.0329308
0.0300611
0.0323183
0.02567
0.0261056
0.0306482
0.0229864
0.0288695
0.024262
0.0240873
0.025483
0.0239052
0.0274225
0.0203088
0.0296366
0.0236755
0.0257523
0.0244884
0.0267633
0.0278805
0.0205771
0.0325043
0.047127
0.0240436
0.0246362
0.0221219
0.0189305
0.0369483
0.0190705
0.0245556
0.0233008
0.0186617
0.029661
0.0263542
0.0218348
0.0231067
0.0420053
0.0231129
0.0241896
0.0321645
0.0229763
0.0257071
0.0382948
0.023049
0.0488843
0.0266166
0.0222325
0.0231931
0.0223371
0.0202985
0.0195678
0.0284226
0.0191688
0.0188284
0.0385641
0.0238259
0.0269285
0.0192166
0.0360677
0.0311861
0.0349821
0.0182442
0.0281112
0.0163541
0.0175905
0.0182883
0.026442
0.017722
0.0248246
0.0213452
0.0298288
0.0315356
0.0222144
0.023647
0.0295568
0.0175302
0.0254891
0.02018
0.0411589
0.0205463
0.0205699
0.020981
0.0374937
0.0217093
0.0308271
0.0290682
0.0253077
0.0305166
0.0236333
0.020668
0.0333406
0.0256867
0.032401
0.0227186
0.0334969
0.0328155
0.0240196
0.0333463
0.0263543
0.032516
0.0277154
0.028966
0.0297157
0.021582
0.029173
0.0240548
0.0267747
0.0227896
0.0229523
0.0350831
0.0268857
0.0231908
0.0234925
0.021218
0.0301522
0.0299263
0.0286599
0.0237435
0.0348685
0.0223326
0.0347368
0.0300862
0.0441018
0.0289898
0.0305431
0.0241204
0.0287235
0.0228917
0.0224639
0.0194351
0.0197324
0.0350461
0.0185782
0.0186134
0.0173793
0.0222424
0.0201492
0.0197022
0.02275
0.0214037
0.0290667
0.0232284
0.0236881
0.0217044
0.022001
0.0349176
0.0289063
0.0279776
0.0182167
0.0187129
0.0287594
0.0221328
0.019433
0.0347429
0.0239279
0.019213
0.0259136
0.0182911
0.0214007
0.0256377
0.0219863
0.0379673
0.018914
0.0292028
0.0197469
0.0303815
0.0232705
0.0239545
0.0193363
0.024523
0.0208753
0.0206135
0.0387679
0.0247838
0.0267273
0.0240973
0.0218594
0.0233803
0.0221087
0.0339293
0.0252091
0.0232687
0.0299173
0.0380881
0.0273045
0.0218102
0.026581
0.0264268
0.0270775
0.0240511
0.0202542
0.0288912
0.0268972
0.0213
0.0265534
0.0261225
0.0242955
0.0266616
0.0236928
0.032465
0.0241464
0.0188558
0.0294703
0.0244816
0.0374662
0.0263464
0.0295857
0.0204621
0.025424
0.0279975
0.0202813
0.0399731
0.019521
0.0353175
0.0183898
0.0290036
0.0234717
0.0288018
0.0222282
0.0319218
0.0266293
0.0222554
0.041767
0.0268723
0.0302825
0.0268539
0.0256709
0.022216
0.0297438
0.0316595
0.0315115
0.0218632
0.024817
0.043788
0.0300707
0.0311963
0.0263295
0.0202239
0.0230193
0.0266396
0.0322925
0.0234013
0.0324209
0.0446127
0.0288249
0.0206421
0.0200526
0.0204437
0.0238301
0.0231249
0.0232868
0.0221553
0.0303742
0.0245273
0.0300747
0.0316721
0.0270194
0.0234607
0.0245701
0.0252474
0.0315616
0.024101
0.0310861
0.0280761
0.0360874
0.0287399
0.0276553
0.0229798
0.0318838
0.0242146
0.0466212
0.0301688
0.0290765
0.0227981
0.0295709
0.0241159
0.0328803
0.0266858
0.0282135
0.0477469
0.0262456
0.0224137
0.0290714
0.024473
0.0322803
0.0416778
0.0270148
0.0239019
0.0249775
0.0276434
0.0235754
0.0265107
0.0389013
0.0303286
0.0244423
0.0259458
0.0395153
0.0267172
0.023722
0.0248578
0.0316459
0.0281774
0.0275302
0.0285375
0.0332069
0.0247645
0.0374516
0.0303725
0.0298455
0.0329802
0.0211203
0.021407
0.044283
0.0185124
0.0247476
0.0191933
0.0253728
0.0338362
0.0212265
0.0326414
0.0267425
0.0236244
0.0281453
0.039156
0.0237675
0.0211773
0.0359472
0.0199879
0.0573462
0.0214071
0.04202
0.0221172
0.0331265
0.0319572
0.0293632
0.0289861
0.0228422
0.0308819
0.0240757
0.025727
0.0265742
0.0284888
0.0327663
0.0319696
0.0252094
0.0329277
0.0283846
0.0254962
0.0205758
0.0222569
0.027401
0.0292072
0.0286452
0.0197797
0.0203529
0.0186735
0.0206873
0.0239518
0.0402279
0.0228295
0.0273051
0.0284713
0.0372954
0.018442
0.025109
0.0359667
0.0217092
0.033351
0.018158
0.0222714
0.0177446
0.0223548
0.0199213
0.0308005
0.0215115
0.037381
0.0263205
0.0330763
0.0192938
0.0204644
0.02067
0.0202358
0.0211318
0.0198625
0.021397
0.0212061
0.0220214
0.0218427
0.0214092
0.0221827
0.0224304
0.0236802
0.0243417
0.0218962
0.0218764
0.0249859
0.0199159
0.0195013
0.0250374
0.0285837
0.023931
0.0230927
0.0265211
0.0369463
0.0287971
0.0201798
0.0212677
0.0200641
0.0206934
0.0213933
0.0233735
0.0214397
0.0234991
0.0238017
0.0210042
0.0215523
0.0204559
0.0202441
0.019943
0.0203223
0.0196296
0.0210998
0.0251933
0.0314953
0.0189152
0.0204318
0.0231255
0.0313526
0.0270077
0.0239976
0.0289748
0.017607
0.0231223
0.0237381
0.0253056
0.0247501
0.0232162
0.0239213
0.0219268
0.0289311
0.0216968
0.030879
0.0234519
0.0164047
0.0204245
0.0247599
0.0227537
0.0289551
0.0211982
0.0172602
0.0279894
0.023293
0.0170382
0.0269546
0.0210352
0.022728
0.0286344
0.0257961
0.0230927
0.0186309
0.0164368
0.0193687
0.0216194
0.0163761
0.0173256
0.0219804
0.0231606
0.0260352
0.0174545
0.0199994
0.0213492
0.0234451
0.0177695
0.0224059
0.0241356
0.0234035
0.0412831
0.0164192
0.0196132
0.0161807
0.0223352
0.0243965
0.0286086
0.023806
0.025195
0.0156233
0.0202743
0.0249861
0.0242386
0.0428662
0.0207413
0.0184851
0.0252786
0.0301977
0.0285114
0.0160998
0.0207611
0.0211266
0.0270926
0.0378687
0.024199
0.0200239
0.0291712
0.0257785
0.0206441
0.0161446
0.0277448
0.0190055
0.0286521
0.0252814
0.0281882
0.0179905
0.0242906
0.0185845
0.0254199
0.0341582
0.0245841
0.0272674
0.0204286
0.0172713
0.0223733
0.0182969
0.0191067
0.0338389
0.0427883
0.0406334
0.0192574
0.0231153
0.0181953
0.0262216
0.0267171
0.0276966
0.0402026
0.021515
0.0330574
0.021577
0.0269129
0.0363458
0.0203195
0.0212576
0.0237036
0.055472
0.0199184
0.032919
0.0232898
0.0256974
0.0259459
0.0252714
0.0253194
0.0215076
0.020481
0.0205675
0.0203969
0.0204124
0.0202324
0.0210132
0.0210557
0.0216643
0.0311231
0.0227581
0.0328878
0.018609
0.0188733
0.0200268
0.0290028
0.0213744
0.0268143
0.0277693
0.0192253
0.0276699
0.0226378
0.030862
0.0266075
0.0227439
0.0293124
0.0192951
0.0383921
0.0307502
0.0233271
0.0318264
0.0218604
0.0257756
0.0291462
0.0206284
0.0180024
0.0263561
0.0286964
0.0303652
0.026395
0.027256
0.0268905
0.0446038
0.0274458
0.0234877
0.0270849
0.0290941
0.025307
0.0290142
0.0209338
0.0194374
0.0244039
0.0224996
0.0290526
0.0472969
0.0217728
0.0203558
0.0255481
0.0258119
0.0209739
0.0309829
0.0329886
0.0188535
0.0190068
0.0251359
0.0214237
0.0241174
0.0220851
0.0301717
0.0234693
0.0269841
0.0248516
0.0424569
0.022534
0.0361721
0.0236661
0.0400161
0.0177756
0.0170976
0.0330094
0.0322573
0.0181384
0.0202856
0.0270718
0.0195397
0.0179083
0.0167183
0.0196042
0.0185351
0.0203513
0.0240366
0.0203581
0.0180525
0.0225977
0.0286235
0.0166961
0.024693
0.0276473
0.022085
0.0204449
0.0206774
0.0201963
0.0242411
0.0269254
0.0296109
0.0196696
0.0174089
0.0261368
0.0266835
0.0180458
0.0260045
0.02407
0.0222769
0.0220379
0.0199431
0.0231454
0.0335953
0.0325827
0.0222577
0.0323961
0.0216964
0.0226658
0.0241163
0.0251833
0.0376194
0.0515069
0.029635
0.0195679
0.0219213
0.0239539
0.0257798
0.0182416
0.0187224
0.0191453
0.0220459
0.0213937
0.0215754
0.0358449
0.0482339
0.0278148
0.0358732
0.0226254
0.0248036
0.0283776
0.0390792
0.0253218
0.0209586
0.0264135
0.0368615
0.0259324
0.0229276
0.022127
0.020386
0.0219146
0.0259429
0.0303003
0.0279859
0.024139
0.0232402
0.02629
0.0211805
0.0212806
0.0258364
0.0398094
0.0390659
0.0422194
0.0303979
0.0213195
0.0270158
0.0222741
0.0252225
0.0260192
0.0327068
0.0227246
0.0257779
0.0220707
0.0264238
0.0227301
0.0331584
0.0202974
0.0250343
0.025165
0.0389244
0.0262879
0.0323607
0.027669
0.0213649
0.0267935
0.0266878
0.0242093
0.0339302
0.0238262
0.0356165
0.0236595
0.0251015
0.0225247
0.0258612
0.0232226
0.0378549
0.0251455
0.0296366
0.0226126
0.0333999
0.0243716
0.0364679
0.0259032
0.0306538
0.028526
0.0475721
0.0308703
0.0232851
0.0320736
0.022866
0.0235806
0.0285857
0.0306731
0.0313617
0.0255688
0.0456178
0.0219812
0.0210744
0.0339837
0.0331013
0.0284912
0.0246995
0.0217868
0.0215251
0.020757
0.0261087
0.0238886
0.0431887
0.0184924
0.022377
0.020831
0.019511
0.0216567
0.0247611
0.0187721
0.0322127
0.0449207
0.0317236
0.0340255
0.0385166
0.0358546
0.0425463
0.0356966
0.0267227
0.0270234
0.0261663
0.0244185
0.0263717
0.0243294
0.0220601
0.0442727
0.0283609
0.0235975
0.0237565
0.022671
0.0249401
0.023365
0.0297228
0.0220464
0.0221576
0.0232016
0.0259831
0.0250589
0.0241588
0.0218533
0.0284994
0.0238656
0.0444903
0.0229218
0.0276414
0.0302988
0.0215999
0.0336251
0.0224799
0.0298296
0.0362111
0.0213169
0.0275601
0.0306182
0.0219125
0.028987
0.0244788
0.0289231
0.0319077
0.0475782
0.0225055
0.0255839
0.0242085
0.0272135
0.0250064
0.0259941
0.0270206
0.0344401
0.0285776
0.032934
0.0343834
0.0378384
0.0318386
0.028451
0.0235983
0.0249639
0.0257062
0.0281058
0.0327049
0.0222334
0.0267158
0.0284263
0.0320241
0.0256821
0.0222568
0.02446
0.0334424
0.0247967
0.0218754
0.0242268
0.024113
0.024377
0.0218163
0.0261231
0.0381251
0.0220901
0.0209971
0.0180288
0.0208137
0.0188281
0.0253072
0.0307516
0.0245068
0.0541868
0.0257589
0.029718
0.0323662
0.0224557
0.0281784
0.0226443
0.0279068
0.025138
0.0226224
0.0199558
0.0273304
0.0197911
0.0180778
0.0228281
0.0342296
0.0170194
0.0169117
0.0257348
0.0310294
0.0389491
0.0230514
0.0249069
0.0207192
0.0332459
0.0188113
0.0328265
0.0429131
0.0184955
0.0204892
0.0350543
0.020071
0.0288991
0.0251288
0.0440201
0.0439146
0.0202062
0.0245461
0.0263375
0.0248516
0.0306997
0.0182883
0.0178826
0.0251972
0.0236461
0.0395278
0.0265608
0.0198669
0.0263476
0.0321534
0.0242037
0.0290459
0.0191575
0.0218156
0.0353563
0.0317217
0.0182787
0.0277324
0.0286125
0.0223452
0.0232848
0.0349632
0.0228784
0.0247719
0.0295584
0.0206037
0.023943
0.0374865
0.0249594
0.0332558
0.0335125
0.0230367
0.0279555
0.0249917
0.0269236
0.0265992
0.0268608
0.0223971
0.021944
0.0253262
0.0259301
0.0237303
0.0401898
0.023714
0.0262867
0.0359554
0.038508
0.0206946
0.0336039
0.0303319
0.0330979
0.0250207
0.0255579
0.0267461
0.0306133
0.0250973
0.0263627
0.02262
0.0274419
0.0437277
0.0184122
0.0242909
0.0233514
0.0214301
0.0222027
0.0292036
0.0182097
0.0244116
0.0357212
0.0294808
0.0185489
0.0331665
0.0212173
0.0197832
0.0187557
0.017605
0.0208187
0.0339744
0.0246241
0.0185425
0.040081
0.0190619
0.0183577
0.0312103
0.020949
0.0197924
0.0186249
0.0181613
0.0212119
0.0175197
0.0293394
0.0251799
0.0239233
0.0190633
0.021563
0.0265865
0.0394531
0.0186463
0.0172801
0.0243842
0.02697
0.0176939
0.0246601
0.0263468
0.0268419
0.0440226
0.0181753
0.0312014
0.0220747
0.0207453
0.0219915
0.0229084
0.0233337
0.025791
0.031537
0.0266398
0.0442179
0.0282618
0.0258333
0.0369868
0.0196131
0.0249881
0.0404779
0.0210686
0.0295777
0.0325938
0.0459678
0.0222718
0.0267384
0.026796
0.031603
0.0437937
0.0229149
0.0199648
0.0384143
0.0298166
0.018648
0.0209051
0.0244627
0.0265844
0.0242311
0.029107
0.0317793
0.0215492
0.0478557
0.0269515
0.0280572
0.0294053
0.0194394
0.0210894
0.0232969
0.0231342
0.0280894
0.0238317
0.0193223
0.0184742
0.0219827
0.0203506
0.0220282
0.0179972
0.0518567
0.0254577
0.0383266
0.0263488
0.0191161
0.0202757
0.0214892
0.0336798
0.029425
0.0201225
0.0234246
0.0250415
0.0193701
0.0234204
0.0190962
0.033953
0.0246086
0.020325
0.0344714
0.0490162
0.0314199
0.0220578
0.0261291
0.0232708
0.0284701
0.026256
0.0206118
0.0277928
0.022589
0.0316931
0.0278301
0.029555
0.0436998
0.0215711
0.030083
0.0278743
0.0221313
0.027249
0.0338664
0.0243823
0.0201729
0.0253018
0.0225633
0.0326269
0.0314025
0.0219975
0.0277395
0.0179423
0.0267154
0.0256781
0.0209039
0.0189086
0.0336289
0.0248935
0.0255748
0.0219773
0.0242332
0.0179163
0.0210948
0.0244511
0.0213739
0.0240725
0.0452406
0.0478378
0.0207824
0.0379764
0.0459173
0.0196459
0.0293913
0.0446724
0.0509037
0.021944
0.0289398
0.0370715
0.0197835
0.0252231
0.0306712
0.0278012
0.0329315
0.0462082
0.022932
0.0268192
0.0265866
0.0302404
0.0285252
0.0212192
0.0226026
0.0236595
0.0261055
0.026417
0.027573
0.0253832
0.0226598
0.0234378
0.0257738
0.0217868
0.0225376
0.0253614
0.0251238
0.0250757
0.0214574
0.0248395
0.029014
0.0246084
0.0218537
0.0227909
0.0238402
0.0288936
0.0326736
0.0310596
0.0316096
0.0281452
0.0327229
0.0311763
0.0335271
0.0258484
0.0251158
0.0224006
0.0272302
0.019772
0.0271971
0.0224745
0.0215969
0.0204137
0.0216538
0.031553
0.0275592
0.0198018
0.0208781
0.0233637
0.0225502
0.0279297
0.0232534
0.0215214
0.0193438
0.0213318
0.025963
0.0255434
0.018737
0.0194868
0.0210495
0.022726
0.031478
0.0210293
0.0345774
0.0257013
0.019773
0.0298082
0.0218171
0.0264161
0.0196697
0.0292449
0.0218
0.0419748
0.0186742
0.0175381
0.019916
0.0454853
0.0198787
0.0221766
0.0221246
0.0377385
0.0196688
0.032229
0.0253377
0.0218106
0.0251193
0.023229
0.0224035
0.0302119
0.024379
0.0268816
0.032574
0.0256652
0.0223521
0.0367363
0.0199881
0.0192615
0.0219736
0.026822
0.0230727
0.0280642
0.0228289
0.034153
0.0244195
0.0262585
0.0198709
0.026959
0.0202442
0.0231321
0.0223594
0.035705
0.0257706
0.0200001
0.027732
0.0209545
0.0471832
0.0186668
0.01933
0.0358198
0.0175677
0.0177133
0.0283241
0.0228222
0.0167448
0.0199115
0.0213683
0.0231327
0.0428136
0.0186564
0.0190766
0.0203484
0.0214861
0.0210361
0.0204694
0.0268885
0.0170787
0.0172777
0.020198
0.0243264
0.0305494
0.0219766
0.0206045
0.0234935
0.0184429
0.0270071
0.0206886
0.0241155
0.0436996
0.0171781
0.0199104
0.0379989
0.0160705
0.0246916
0.0207169
0.0156112
0.0209903
0.0403483
0.0257447
0.0196482
0.0186292
0.0180417
0.0178918
0.0182321
0.022001
0.0200548
0.0197161
0.0369475
0.0227423
0.0216654
0.0224995
0.019587
0.0198218
0.0207935
0.0214909
0.0195366
0.0264591
0.0264939
0.0226513
0.0214817
0.0233323
0.0255944
0.0196141
0.0204016
0.0355342
0.0224446
0.0221336
0.0223711
0.0221209
0.0232165
0.0212547
0.0217236
0.0233711
0.0447068
0.0180734
0.0231124
0.0440024
0.0229613
0.025333
0.0228088
0.0215322
0.0238809
0.0359642
0.0181688
0.0200429
0.0177549
0.0313993
0.0239011
0.033265
0.0266186
0.0176721
0.0193819
0.0204799
0.0210947
0.022883
0.0240863
0.0220484
0.0297551
0.0182107
0.0198672
0.0445272
0.0191434
0.0222881
0.0258216
0.0194445
0.018255
0.0293149
0.0237769
0.0395155
0.0199776
0.0258276
0.0187964
0.0177097
0.0255381
0.0240719
0.0187929
0.0188603
0.0197467
0.0185885
0.0240202
0.0183767
0.0191051
0.0224198
0.0246211
0.0265493
0.0228393
0.0273592
0.0189039
0.025807
0.0276315
0.0228174
0.0211961
0.0227461
0.0241745
0.0193599
0.0272796
0.0198635
0.0264037
0.0262939
0.0260209
0.0231895
0.0230372
0.0236652
0.0216351
0.0187713
0.0343869
0.0198191
0.0263723
0.0183237
0.0203733
0.0172794
0.025665
0.0236928
0.0187223
0.0186087
0.0362118
0.0201014
0.0230833
0.0247182
0.0408417
0.0202253
0.0198303
0.0217405
0.021974
0.0215381
0.0306541
0.0268196
0.0247166
0.0273362
0.0239802
0.0199255
0.0189022
0.0199445
0.0250326
0.0180803
0.0195135
0.0342869
0.020187
0.0206106
0.0324773
0.0253339
0.0250247
0.030626
0.0255369
0.0278525
0.0227382
0.0469065
0.0223525
0.0227781
0.0279523
0.0254803
0.0213616
0.0279825
0.0311981
0.0296374
0.0242105
0.0232239
0.0250331
0.0250226
0.0266071
0.023663
0.0257203
0.0223936
0.0193089
0.024013
0.023905
0.0208839
0.02385
0.0436077
0.0265677
0.0202519
0.0331369
0.0202508
0.018799
0.0212286
0.0244099
0.0193212
0.0186588
0.0211598
0.0176836
0.0211613
0.0213286
0.0296558
0.0180186
0.0292143
0.0473634
0.0286643
0.0486097
0.0212666
0.0223347
0.0261073
0.023838
0.0248428
0.0283202
0.0220304
0.0202851
0.0291723
0.0194903
0.0216013
0.028477
0.0260362
0.0194078
0.0243594
0.0214001
0.0251998
0.0188246
0.0217053
0.020732
0.0187757
0.0289824
0.0250497
0.0217891
0.0278877
0.0232539
0.0191599
0.0307686
0.0285097
0.0186146
0.0191076
0.0205754
0.0177759
0.0223834
0.0260827
0.0245723
0.0184331
0.0355622
0.0197693
0.0194808
0.0277793
0.046899
0.0201933
0.0202252
0.0208221
0.0377711
0.0186024
0.0220905
0.0196411
0.020699
0.0256872
0.0249862
0.0217226
0.0273479
0.0234558
0.0397334
0.018981
0.028911
0.0415242
0.019244
0.0251271
0.0184746
0.0207631
0.022393
0.0186635
0.020531
0.0219587
0.0237839
0.0176318
0.0186211
0.0217382
0.0185716
0.0175324
0.0375125
0.020486
0.0336618
0.0452367
0.0174383
0.0179296
0.0173036
0.0183177
0.0187411
0.0221721
0.0161377
0.0174429
0.0253056
0.0248357
0.0436365
0.0175453
0.0335765
0.0212031
0.0169365
0.0310381
0.0203184
0.0185491
0.0208895
0.02215
0.0286105
0.0271429
0.024507
0.0179343
0.0311096
0.0243848
0.0187379
0.0203445
0.0237558
0.0192088
0.0240925
0.0210907
0.027269
0.0252442
0.0224565
0.0254421
0.0252137
0.0507544
0.0202243
0.0238401
0.0397064
0.0194562
0.0211909
0.0346364
0.0194869
0.0346965
0.0447366
0.0212771
0.0218029
0.0240649
0.023909
0.0366872
0.0225196
0.0242714
0.019107
0.0349549
0.0231676
0.0191242
0.0216339
0.018108
0.0189192
0.0281478
0.026787
0.0207665
0.0209219
0.0269623
0.0193729
0.0225646
0.049561
0.019851
0.0237226
0.0269614
0.0209317
0.0364026
0.0193219
0.0194065
0.0230893
0.0228131
0.021465
0.0195379
0.0207621
0.0469323
0.0184275
0.0199755
0.0453927
0.0191531
0.0294936
0.0192758
0.0287719
0.0195923
0.0197021
0.0355233
0.0191019
0.0194257
0.0225212
0.0286559
0.0193467
0.0237056
0.0226247
0.0262711
0.0244779
0.0190232
0.0221218
0.0229288
0.0202123
0.0213391
0.0246518
0.0191323
0.0213119
0.0222556
0.0227898
0.0217673
0.0192032
0.0198428
0.0238538
0.0215026
0.0331029
0.027377
0.0206021
0.0275145
0.024582
0.0255029
0.019658
0.0205104
0.0226118
0.0307563
0.0279493
0.038178
0.0191781
0.0326437
0.0248733
0.0207973
0.031019
0.0221602
0.0317947
0.0265724
0.0225325
0.0261405
0.0280698
0.0299303
0.0322218
0.0201264
0.0290451
0.0297055
0.020992
0.0271805
0.0454003
0.0217662
0.0266699
0.0247745
0.024835
0.0264918
0.0246583
0.0233795
0.0284708
0.0208504
0.034674
0.0330602
0.021836
0.0302009
0.0239036
0.0266382
0.0300733
0.020787
0.0307502
0.0276105
0.0204064
0.0231949
0.0291202
0.0212945
0.0240974
0.0278518
0.0215265
0.0349655
0.0219723
0.0475872
0.0220611
0.0228588
0.0244549
0.0195597
0.0232589
0.024205
0.0186945
0.0213632
0.0211123
0.0224695
0.0202789
0.018414
0.0193126
0.0205641
0.0200768
0.0186158
0.0191922
0.0183538
0.0197361
0.0211704
0.0180057
0.0228379
0.0192766
0.0212373
0.0240557
0.0265988
0.0265517
0.0241412
0.0201806
0.0218842
0.0235172
0.017875
0.0232365
0.0226444
0.0192663
0.0188274
0.0216819
0.0262025
