0.051047
0.0570711
0.0612016
0.0300369
0.0585579
0.0331962
0.0395664
0.058213
0.0237883
0.0632957
0.0294757
0.0306506
0.0768603
0.0314635
0.0643019
0.0332639
0.0302823
0.0652514
0.0288986
0.0350074
0.0610383
0.0287218
0.0292058
0.0666966
0.052688
0.0372622
0.0279239
0.0291005
0.08149
0.052372
0.0399601
0.0306752
0.0296396
0.031192
0.0310389
0.0303043
0.0698782
0.0429299
0.0413565
0.031863
0.0671325
0.0312588
0.0338378
0.0660966
0.0692345
0.0420045
0.0390456
0.0285343
0.0784182
0.0453111
0.0402684
0.062668
0.0351006
0.0304564
0.0526107
0.034121
0.0491812
0.0351709
0.0648016
0.0412259
0.0417188
0.0296306
0.0640036
0.0450755
0.0642231
0.031161
0.0329471
0.0328511
0.0614203
0.0349338
0.0349823
0.0346218
0.039499
0.0323502
0.0455864
0.0319788
0.0610096
0.0267121
0.0580606
0.0292199
0.053972
0.0203559
0.110707
0.0228827
0.0407891
0.0196976
0.0296262
0.0595915
0.0284156
0.0505604
0.0378899
0.0263911
0.0598392
0.0281847
0.0607158
0.0285953
0.047524
0.0288561
0.0607625
0.039642
0.0434865
0.0373448
0.06586
0.0361651
0.0393083
0.0295361
0.0679897
0.0385767
0.0668741
0.0356874
0.0621727
0.0425755
0.0445208
0.0392922
0.0663083
0.0336247
0.0294346
0.063551
0.0397375
0.0512045
0.0324439
0.0569274
0.0372048
0.0521157
0.039875
0.0316839
0.0649546
0.0523027
0.0375154
0.0313165
0.0620573
0.0930682
0.0553336
0.0473826
0.0529014
0.0735259
0.0431948
0.0418581
0.0421029
0.033922
0.064593
0.0377227
0.034932
0.0448523
0.0325234
0.0374853
0.0548875
0.0436088
0.0303071
0.0345687
0.0611794
0.033532
0.0416223
0.0393341
0.0649673
0.0322449
0.0294299
0.0556671
0.0345233
0.0439107
0.0347995
0.0475519
0.0446603
0.06483
0.0359455
0.0538947
0.0330195
0.0529676
0.0372507
0.0281641
0.0279898
0.0682849
0.0377034
0.0292031
0.028806
0.0591417
0.0305038
0.0362101
0.0283483
0.0592178
0.0314187
0.0362834
0.0630791
0.0350728
0.0379831
0.0282943
0.0492578
0.0357544
0.0445989
0.0291054
0.0393916
0.0312062
0.0534119
0.0287737
0.0607796
0.0371084
0.0430394
0.0572915
0.0400845
0.0651561
0.0511556
0.065298
0.0656746
0.032674
0.0616067
0.0381992
0.0325619
0.0679079
0.0627233
0.0336128
0.0259811
0.06368
0.0383228
0.0632082
0.0348171
0.0484188
0.0533159
0.0349213
0.0434009
0.0269336
0.0263895
0.064089
0.042514
0.0611509
0.0359667
0.0646053
0.0341762
0.0417309
0.0653221
0.0408074
0.0334379
0.0303548
0.0614429
0.0366952
0.037339
0.0319139
0.0674439
0.0418507
0.0276565
0.0349687
0.044346
0.0338498
0.0630664
0.0352665
0.0487635
0.0360046
0.0591476
0.0364567
0.060192
0.034189
0.0431374
0.0334953
0.0625344
0.0346199
0.037356
0.0288108
0.0576036
0.0274387
0.079017
0.0479373
0.0252374
0.0531858
0.0360589
0.0263849
0.0571378
0.0306655
0.0486919
0.0321536
0.0477392
0.0269562
0.0684559
0.0374814
0.0583323
0.0441323
0.060089
0.0314146
0.0586701
0.0273526
0.057098
0.0433705
0.0269649
0.0605832
0.0289371
0.0496452
0.038834
0.0433586
0.0302682
0.0640003
0.0311872
0.0619288
0.0335522
0.0614339
0.0339133
0.050436
0.0561633
0.040779
0.0405425
0.0293915
0.0616588
0.0420563
0.0327889
0.033815
0.0440393
0.052179
0.0350272
0.0387235
0.0286611
0.0660499
0.030595
0.0628611
0.0369358
0.0344791
0.0648394
0.0338242
0.0659226
0.0449115
0.0613684
0.0330265
0.0593372
0.0209549
0.0587189
0.0329567
0.0246068
0.0355544
0.0442771
0.0331809
0.0290018
0.0373628
0.0377629
0.0617857
0.0373469
0.0267029
0.0584679
0.0370469
0.029405
0.0604467
0.0384009
0.0302387
0.0270182
0.0628652
0.0314926
0.0606394
0.0364331
0.0266906
0.0544853
0.0355274
0.0312599
0.0263421
0.0668059
0.0380698
0.0627271
0.042199
0.0288787
0.0290086
0.029366
0.0662565
0.038153
0.0287841
0.0576193
0.0650871
0.0622503
0.0383196
0.0631444
0.0377172
0.0317075
0.0291288
0.0606753
0.0339407
0.0343732
0.0298264
0.0649623
0.0381819
0.0387863
0.0288982
0.0652526
0.0448112
0.0320828
0.0643564
0.0339937
0.0441873
0.0280291
0.0655059
0.0387799
0.0403743
0.0500738
0.0433744
0.0639728
0.0650898
0.0741707
0.0358599
0.035105
0.067209
0.0426643
0.0297274
0.0667739
0.0413532
0.031334
0.0383354
0.0614285
0.0408333
0.0305854
0.0616651
0.040835
0.0298872
0.039933
0.0260433
0.0423728
0.0279864
0.038321
0.0266244
0.0639741
0.0365579
0.0273784
0.0295874
0.0367802
0.0416798
0.0355667
0.0636054
0.039486
0.032117
0.133582
0.032262
0.0548612
0.0218151
0.0580493
0.0357375
0.027785
0.0617812
0.0444361
0.0227609
0.0587528
0.0326201
0.0592107
0.0259829
0.0612091
0.0565631
0.0291644
0.0415699
0.0311598
0.0610555
0.0264459
0.0576582
0.026511
0.061348
0.0265816
0.061908
0.0355777
0.0354591
0.0644856
0.0645042
0.0246679
0.0635118
0.0240316
0.0616617
0.0318508
0.0390606
0.0502066
0.0280774
0.0624026
0.0319404
0.0556524
0.0463769
0.0279693
0.0689019
0.0376706
0.0427134
0.0697901
0.0412056
0.025931
0.0652054
0.0455796
0.0305943
0.0628023
0.0286285
0.0624955
0.0318172
0.0680813
0.0502414
0.0643234
0.0335468
0.0697913
0.0354768
0.0328497
0.061022
0.0417325
0.070069
0.0380167
0.0697539
0.0767636
0.0485293
0.0469652
0.0432761
0.0452033
0.0405766
0.0617722
0.0383743
0.0334614
0.0690392
0.0353816
0.038306
0.0680301
0.0425238
0.0349531
0.0490219
0.0374161
0.0514299
0.0327232
0.0483659
0.0423005
0.0738779
0.0465664
0.032748
0.0657291
0.0452975
0.032342
0.0405626
0.0414146
0.0358083
0.031518
0.0356878
0.0293159
0.0374243
0.0364685
0.0656462
0.029759
0.0369834
0.030342
0.0666781
0.032432
0.0370847
0.0313476
0.0690627
0.0357763
0.0447309
0.0326707
0.0385395
0.0345193
0.0636205
0.0561769
0.0407511
0.0327281
0.0406602
0.0329309
0.0377884
0.0339427
0.043043
0.0428718
0.0452674
0.0439453
0.0406819
0.0456604
0.0448847
0.0411459
0.0514158
0.0385833
0.0682103
0.0463694
0.0557975
0.0362295
0.0448777
0.0364941
0.0389851
0.041238
0.0459497
0.0383594
0.0342435
0.0339127
0.0275962
0.0296013
0.0466803
0.0344313
0.0340805
0.0345253
0.0554488
0.0596041
0.0317916
0.0254877
0.0631774
0.0355773
0.0310106
0.0685342
0.0588657
0.0393125
0.0456094
0.0333008
0.0385948
0.0624306
0.0527148
0.0406962
0.029873
0.0538459
0.0341969
0.027938
0.0617351
0.0347929
0.0429452
0.0261914
0.0346309
0.028254
0.0363015
0.0527178
0.032372
0.0303297
0.0327109
0.0597797
0.0382947
0.02783
0.0645756
0.0430617
0.0297656
0.0379317
0.0302012
0.0702007
0.0313416
0.0368832
0.0467894
0.0394289
0.0338496
0.043361
0.0375842
0.0362424
0.0342665
0.0372455
0.0405788
0.0330486
0.0350832
0.0342529
0.0389455
0.0435709
0.0478287
0.0444508
0.0520842
0.0522654
0.0433046
0.0357334
0.0450739
0.0412997
0.0305517
0.0415646
0.0571827
0.0511344
0.0535017
0.0388265
0.0322326
0.0468501
0.0443649
0.0587447
0.136158
0.100528
0.0535964
0.031216
0.0341742
0.052989
0.0348381
0.038229
0.0361831
0.0350374
0.0499276
0.0512115
0.034616
0.0420777
0.0454306
0.0345758
0.0562208
0.0467225
0.0422295
0.0507262
0.0479603
0.0352751
0.0428131
0.0401728
0.0436049
0.0409179
0.0441058
0.0432406
0.0570083
0.0350742
0.0379849
0.0313402
0.0327629
0.0364304
0.0298831
0.0472775
0.0318503
0.0357481
0.0340072
0.0777087
0.0622953
0.0467309
0.0373448
0.0325307
0.0501414
0.031033
0.0389524
0.0339287
0.032777
0.0303465
0.0657221
0.0440364
0.0326814
0.0564344
0.0453342
0.0303097
0.0532655
0.0348917
0.0279483
0.0678182
0.0484569
0.0310182
0.0660757
0.0456054
0.0291382
0.0849907
0.0514248
0.0453093
0.0445194
0.0555952
0.0467479
0.0340153
0.0644377
0.0463805
0.0397154
0.0403986
0.0349805
0.0324099
0.0669585
0.0449823
0.0347738
0.0396457
0.039623
0.0356375
0.0457598
0.0355709
0.0343765
0.0602735
0.0436556
0.0572271
0.0469535
0.0428133
0.0691044
0.0361848
0.0641568
0.050048
0.0338476
0.0520468
0.0410049
0.0336536
0.0488695
0.0381388
0.0328354
0.0524641
0.0485056
0.0316243
0.0429658
0.0459336
0.0312736
0.0480178
0.0451246
0.0347899
0.0421915
0.0408384
0.0336079
0.0601463
0.0484012
0.0353571
0.0289839
0.0259092
0.0322659
0.0251277
0.0297583
0.0239999
0.0281176
0.0253626
0.0282653
0.0557176
0.0334597
0.0279888
0.0309826
0.0239782
0.0288099
0.0295955
0.0283762
0.0321776
0.0335422
0.0656662
0.0486053
0.0251451
0.0287938
0.0531721
0.0435356
0.0302097
0.0387744
0.047342
0.0336393
0.0354798
0.0340531
0.0303555
0.0408137
0.0358751
0.0365053
0.0297402
0.0344303
0.0259036
0.0323011
0.0288063
0.0293825
0.0282344
0.0425207
0.0293541
0.0344092
0.0253019
0.0400508
0.0396091
0.0340565
0.0290759
0.0359
0.0303877
0.0405343
0.0289412
0.0823361
0.0373822
0.0338655
0.0419285
0.0421384
0.0291246
0.0322791
0.0499616
0.0408739
0.0392894
0.0798387
0.047979
0.0309911
0.0789741
0.0515441
0.0301519
0.0319227
0.0656875
0.0505605
0.0735487
0.0555033
0.0464384
0.0289722
0.0378929
0.0376426
0.0385547
0.0382949
0.0380278
0.038539
0.0420632
0.0344737
0.0384331
0.045711
0.0452261
0.0299824
0.0448929
0.0418991
0.0381163
0.0359005
0.0477837
0.0320072
0.0404415
0.0356889
0.0478898
0.0424544
0.0352729
0.0309286
0.0374042
0.0311461
0.0397552
0.0588345
0.0359758
0.028463
0.0363693
0.0419642
0.0388825
0.0271803
0.0394057
0.0302905
0.0381192
0.033889
0.0326597
0.0289904
0.034727
0.025984
0.0340948
0.0282219
0.0416908
0.0238943
0.0322326
0.0268975
0.0395647
0.0329955
0.0536236
0.0485035
0.0238566
0.0265752
0.0208006
0.0326463
0.05463
0.0258762
0.0271112
0.0588765
0.0434887
0.0426351
0.0234931
0.0285559
0.0719627
0.0449818
0.0396262
0.0313051
0.0678682
0.0462226
0.0525125
0.0321843
0.0560284
0.0269602
0.0625462
0.0244396
0.0591902
0.0267925
0.0526144
0.0393492
0.0267172
0.0290508
0.0307433
0.0285507
0.0314409
0.0314035
0.052269
0.0386649
0.0672006
0.036717
0.0332776
0.048733
0.0351373
0.0678846
0.0390275
0.0792315
0.0413894
0.0305138
0.0320742
0.0395433
0.0524648
0.0442537
0.0363713
0.0401158
0.0479053
0.0670924
0.044137
0.0373702
0.0473984
0.0444882
0.0449073
0.0687324
0.0587164
0.0349824
0.0523229
0.0322772
0.0416551
0.0651796
0.0508056
0.0331816
0.0364872
0.0376187
0.037515
0.0364548
0.0484421
0.0359945
0.0383153
0.0328285
0.0404297
0.0380716
0.0384036
0.0299656
0.0375355
0.0438511
0.0381347
0.0395309
0.0395211
0.0370418
0.0767818
0.0487722
0.0328605
0.0385654
0.0424871
0.0407676
0.0397794
0.0676399
0.0477939
0.0330065
0.0609403
0.0398093
0.0359336
0.0407922
0.0380922
0.0690395
0.0455892
0.0312735
0.0407409
0.0413452
0.048359
0.0329514
0.0384483
0.0683705
0.0350343
0.0368349
0.0350204
0.0434523
0.0332323
0.0326139
0.0560193
0.0359756
0.0288091
0.0895895
0.0541804
0.0285743
0.0293876
0.0594803
0.042216
0.0445551
0.035953
0.0634402
0.0437694
0.0285829
0.030882
0.0634216
0.0385499
0.036534
0.0648185
0.0336949
0.0353855
0.0451436
0.047627
0.0675795
0.0366884
0.0328539
0.0339476
0.0406246
0.0527022
0.0414456
0.0319807
0.0339918
0.0654379
0.0665679
0.0429748
0.0349712
0.0576126
0.0683429
0.0361986
0.069355
0.0401486
0.0330328
0.0661821
0.0330068
0.0386947
0.0606744
0.0349878
0.0517539
0.0345278
0.0425325
0.0780558
0.0482898
0.0308523
0.0328521
0.0413357
0.0421446
0.0456637
0.0488492
0.0382378
0.0392498
0.0429902
0.0686997
0.0347801
0.0395002
0.0695611
0.0413109
0.0339409
0.0631675
0.0498058
0.0356206
0.0403771
0.0692044
0.0529772
0.0373356
0.039306
0.0347804
0.0429442
0.0384996
0.0730235
0.0480823
0.0379529
0.041842
0.042283
0.0453343
0.0457845
0.0454447
0.0373947
0.0520552
0.0813616
0.0542364
0.0354363
0.0445906
0.0343812
0.0385261
0.0670706
0.0443977
0.0331928
0.0384149
0.0346268
0.068944
0.0473982
0.0334926
0.0425224
0.0652626
0.055717
0.0417781
0.0463354
0.0342054
0.038694
0.0471824
0.0475022
0.042906
0.0706991
0.0566784
0.0342646
0.0479254
0.035088
0.0433364
0.0804215
0.0499998
0.0396724
0.0394921
0.0341261
0.041784
0.0491032
0.0346121
0.0330967
0.0535193
0.0408348
0.0322725
0.0505384
0.0707739
0.0550357
0.0317594
0.0365198
0.0318915
0.0400199
0.0294036
0.0448882
0.0328811
0.0406542
0.0330526
0.0386838
0.0536133
0.0495031
0.0429494
0.0483768
0.033669
0.0408143
0.0321555
0.0361645
0.0383849
0.0388579
0.0408516
0.0439429
0.0393212
0.0352723
0.0459986
0.0376147
0.0306068
0.0320499
0.0302573
0.0396004
0.0413825
0.0312601
0.0352796
0.0372134
0.0324004
0.0350561
0.0373419
0.0582131
0.0671623
0.0341294
0.0530514
0.0350482
0.0354513
0.0350641
0.0398881
0.0343374
0.0377172
0.033918
0.0386396
0.033177
0.0364498
0.0308034
0.0411655
0.032993
0.0469412
0.0318607
0.0333767
0.0296229
0.0547004
0.0445615
0.0419201
0.0366304
0.0533885
0.0711027
0.0511918
0.0318552
0.0746187
0.0536946
0.0305845
0.0429818
0.03622
0.0294897
0.0588014
0.0388728
0.0411065
0.0324839
0.0655637
0.0348181
0.0424027
0.0296814
0.0374198
0.0340087
0.0590552
0.0456463
0.0617745
0.0380794
0.0572432
0.0325525
0.0672563
0.0506304
0.0387285
0.0468972
0.0380292
0.0425556
0.0405822
0.0340863
0.0348621
0.0342097
0.0496145
0.0416825
0.0371137
0.0393347
0.0336831
0.0486867
0.0465141
0.0344176
0.0672323
0.0463649
0.0358214
0.0309624
0.0345692
0.0339171
0.0585733
0.0512372
0.0390494
0.0337803
0.0368525
0.0332751
0.0661495
0.0335976
0.0631695
0.0693209
0.0452879
0.0372035
0.0319668
0.0324778
0.0275607
0.0308002
0.0255985
0.0219965
0.0527869
0.0306338
0.0299996
0.0607396
0.0516937
0.0286815
0.0551959
0.0283476
0.0310625
0.0493473
0.0527013
0.0543243
0.0261237
0.0551406
0.030028
0.0449152
0.0423318
0.0477075
0.0457776
0.0379145
0.0550618
0.0271471
0.0580295
0.0268409
0.059199
0.0523294
0.0390613
0.0452311
0.0549872
0.0297083
0.0602989
0.026839
0.0619193
0.0513504
0.0568531
0.0258182
0.0567538
0.044742
0.0594174
0.0289634
0.0575145
0.0260807
0.024003
0.0563085
0.0455843
0.056718
0.0566161
0.0325181
0.0279704
0.0528276
0.0263818
0.0632823
0.0221307
0.0592596
0.0292598
0.0309171
0.0635998
0.0557479
0.0269417
0.0221485
0.0600697
0.0281805
0.0621224
0.0325081
0.0381854
0.0440896
0.0604536
0.0263907
0.0556485
0.0262676
0.0574177
0.0565037
0.0569189
0.0260408
0.0550388
0.0585779
0.0529235
0.0363064
0.0495314
0.0616546
0.0220608
0.0558224
0.0416034
0.036731
0.0446554
0.0300472
0.0563729
0.045271
0.0388256
0.0527951
0.0291798
0.0413693
0.0514335
0.0521046
0.0363728
0.0501174
0.032116
0.0554113
0.0390861
0.0599413
0.0520706
0.0325323
0.0556002
0.0533619
0.03378
0.0492007
0.0323588
0.0585172
0.0237874
0.0262033
0.0394609
0.0551061
0.0465676
0.0379238
0.0529104
0.0312088
0.0555324
0.0244005
0.0616795
0.0528139
0.0240174
0.0420192
0.0219015
0.0590475
0.0236628
0.0466284
0.0501067
0.0394872
0.0251695
0.0531045
0.0329092
0.0476399
0.0423071
0.0511571
0.0243867
0.0525265
0.0327931
0.0553361
0.0252962
0.0569101
0.0311632
0.0588927
0.0543773
0.0340054
0.0509427
0.0299233
0.0568354
0.0295546
0.0585125
0.0256148
0.021546
0.0547437
0.0263055
0.0569441
0.0492257
0.0471169
0.0350496
0.0465774
0.0506452
0.0471384
0.035685
0.0299615
0.051761
0.0274893
0.0592172
0.0315617
0.0536394
0.0582643
0.0527231
0.046732
0.0361586
0.0272729
0.05637
0.0289647
0.0492327
0.0517802
0.0284472
0.0628096
0.0530254
0.0519934
0.0544996
0.0245594
0.0340579
0.0562558
0.0502503
0.0384946
0.0283165
0.0552873
0.0256818
0.0399351
0.0259548
0.0448257
0.0461933
0.050432
0.0234692
0.0574538
0.0559439
0.0531402
0.0279127
0.053415
0.0341038
0.0408502
0.0486804
0.0531984
0.0350861
0.0559645
0.0303911
0.047661
0.0630696
0.0235374
0.0559368
0.024502
0.039622
0.0477449
0.0544188
0.049016
0.0216655
0.0253398
0.0525336
0.0352227
0.047876
0.0553593
0.0214134
0.0519304
0.0545788
0.0464963
0.034633
0.0562973
0.0470445
0.0402578
0.0564337
0.0264045
0.0601476
0.0489775
0.0536352
0.0508444
0.0509717
0.023745
0.0388127
0.0370386
0.0511271
0.0445564
0.0407599
0.0602013
0.0249369
0.0520277
0.0409147
0.0562403
0.0280518
0.0573738
0.0522801
0.0315532
0.0533836
0.0361164
0.0514429
0.0289565
0.0246002
0.0544395
0.059665
0.02185
0.0494664
0.0360653
0.0312794
0.0387699
0.0480379
0.0540769
0.0267154
0.0615164
0.0322098
0.0269201
0.0519407
0.0549924
0.0532188
0.0290478
0.0460914
0.0551743
0.040783
0.0566331
0.0319396
0.0579188
0.0256094
0.0572484
0.027122
0.0583206
0.0218745
0.0521174
0.0294364
0.0568758
0.0535916
0.0344082
0.046888
0.0356262
0.0336158
0.0248286
0.0452449
0.0366059
0.0555334
0.030501
0.0492185
0.0478626
0.0485762
0.0397817
0.0516766
0.0250714
0.0414807
0.048374
0.0498308
0.0363148
0.0603486
0.029968
0.0433379
0.0263039
0.0547639
0.0364991
0.0492393
0.0354035
0.0490801
0.0526641
0.0287038
0.0532974
0.0243949
0.0298383
0.056543
0.0278787
0.0585312
0.0229555
0.0511001
0.0512389
0.0403483
0.0574919
0.047808
0.030959
0.0671516
0.0242388
0.0493003
0.0572138
0.0309427
0.0567824
0.0254597
0.0546645
0.0298381
0.0548903
0.0556585
0.0547405
0.0498485
0.0562078
0.0305441
0.0237744
0.051577
0.0497725
0.0344727
0.0535807
0.05332
0.0196595
0.0517527
0.0470582
0.0572986
0.0534101
0.0481291
0.036669
0.0488314
0.0549142
0.0586893
0.0535074
0.0511754
0.0229649
0.0532215
0.0336656
0.0263737
0.0466657
0.0542956
0.0238312
0.0525768
0.0511771
0.0337108
0.0241931
0.0536127
0.0575343
0.0204587
0.0609464
0.0228939
0.0553817
0.05481
0.0538714
0.0547058
0.0240805
0.0439925
0.0371676
0.0546252
0.02594
0.0575444
0.0209431
0.0597676
0.0504605
0.0228332
0.0654008
0.0219491
0.0485622
0.050082
0.0550446
0.0251756
0.0572552
0.0223108
0.0252336
0.0595879
0.0257256
0.0466854
0.0223357
0.0558335
0.0516538
0.0480837
0.0496986
0.0536041
0.0319545
0.0524102
0.0306141
0.0618435
0.0218908
0.0494657
0.0327801
0.0531161
0.0323252
0.0301754
0.0330111
0.0616379
0.0436094
0.0527458
0.049974
0.0539248
0.0604557
0.0313753
0.0443356
0.0545715
0.0264082
0.0468818
0.0345493
0.0526142
0.0529485
0.0318343
0.0593423
0.056043
0.0233188
0.0524421
0.0306937
0.0548395
0.0341702
0.0568341
0.0248342
0.0474903
0.0278903
0.0571133
0.0360385
0.0549828
0.0303472
0.0530082
0.0199738
0.0635418
0.049239
0.0536071
0.0501428
0.0338943
0.0579944
0.0299458
0.0574406
0.0313346
0.0549444
0.0273713
0.0401532
0.0549013
0.0361286
0.0653615
0.0493668
0.0567711
0.0545698
0.0264199
0.0595862
0.0305128
0.054963
0.051274
0.0312057
0.0552356
0.0517301
0.0258249
0.0612255
0.0232053
0.0591408
0.0268635
0.0262421
0.035586
0.0545144
0.0511154
0.0481104
0.0258757
0.0503843
0.0563262
0.0437497
0.0552712
0.0502159
0.027952
0.0563555
0.0432202
0.0358048
0.0298436
0.0549897
0.0365307
0.0560403
0.0290822
0.0557985
0.0440187
0.0512455
0.0571449
0.0276815
0.0536461
0.0261296
0.0581535
0.0557003
0.0264628
0.0500155
0.0221411
0.0482395
0.0256804
0.0529133
0.027385
0.0430473
0.0525183
0.0287472
0.0456281
0.0436719
0.0318766
0.0282134
0.0531095
0.0348906
0.0596797
0.0548107
0.0410274
0.0531225
0.0498844
0.0389145
0.0412099
0.0364633
0.0560074
0.027178
0.0511222
0.0233879
0.054126
0.0258093
0.0265035
0.0530742
0.0305669
0.0357546
0.0495314
0.0505495
0.0294292
0.0529548
0.030066
0.0621551
0.027766
0.0568917
0.0296275
0.0487099
0.060055
0.0458259
0.0303092
0.0239444
0.0275525
0.05425
0.0374064
0.0534611
0.0567381
0.0487112
0.0559877
0.0445478
0.0364463
0.059424
0.0266478
0.0530806
0.0335489
0.0430031
0.0515967
0.0276322
0.0592899
0.0530359
0.0301639
0.0558586
0.0289077
0.0225341
0.050409
0.0324483
0.041855
0.0408012
0.0570726
0.0306094
0.0247444
0.0525681
0.0241607
0.0543851
0.0253709
0.0694013
0.0522091
0.0418868
0.0415597
0.0440664
0.0286033
0.0554368
0.0309776
0.0559752
0.0301853
0.0273765
0.0415646
0.0557413
0.0315228
0.0569056
0.0518149
0.053119
0.0311721
0.0575383
0.0362608
0.0610058
0.0268689
0.0444078
0.024688
0.0595341
0.0310383
0.0567853
0.0519472
0.0532065
0.0332653
0.055655
0.0305839
0.0313672
0.0539943
0.0319425
0.060114
0.0484532
0.0326369
0.0613858
0.0561849
0.0584056
0.0256761
0.050788
0.050621
0.0324878
0.0209169
0.06211
0.0263416
0.0479354
0.0353784
0.048067
0.0226509
0.0570427
0.0543052
0.0555477
0.0478275
0.0530674
0.0567737
0.0251804
0.0461938
0.0247632
0.0606426
0.0361179
0.0498453
0.0332807
0.0597248
1.55e-07
