# Horizontal Translation, Vertical Translation, Rotation
0.00000,0.50000,1.00000
3.10291,3.73452,-3.78824
4.97012,2.88416,0.00000
4.43275,3.29367,0.00000
2.56439,3.52826,0.00000
0.99139,3.51042,0.00000
-0.26994,3.02151,0.00000
-0.80793,2.47602,0.00000
-0.94342,2.20818,0.00000
-1.17734,1.92833,0.00000
-1.12558,1.82512,0.00000
-0.93497,1.89048,0.00000
-0.59197,1.82138,0.00000
-0.21910,1.88396,0.00000
0.28593,1.70815,0.00000
0.53943,1.75385,0.00000
0.69248,1.66025,0.00000
0.72010,1.58435,0.00000
0.79333,1.54464,0.00000
0.85658,1.48488,0.00000
0.77245,1.53755,0.00000
1.30987,1.60283,0.00000
1.37374,1.62801,0.00000
1.89202,2.36780,0.00000
1.40862,1.68276,0.00000
0.88782,1.67240,0.00000
0.74365,1.55066,0.00000
0.81118,1.62568,0.00000
0.56199,1.65326,0.00000
0.70321,1.66939,0.00000
0.20551,2.79109,0.00000
-0.77017,1.75004,0.00000
-2.14266,3.25022,0.00000
-2.87765,3.54961,0.00000
-2.07881,3.20266,0.00000
-1.59086,3.57290,0.00000
-0.12207,3.44627,0.00000
1.32089,3.64510,0.00000
0.98648,3.68495,0.00000
-0.32963,2.78470,0.00000
-0.73710,1.78704,0.00000
-0.60408,2.03713,0.00000
-0.27626,2.28705,0.00000
-0.39683,2.11057,0.00000
-0.32464,1.92664,0.00000
-0.76072,2.35543,0.00000
-0.29400,1.64139,0.00000
-0.02564,1.54585,0.00000
-0.08024,1.57502,0.00000
-0.04594,1.58186,0.00000
-0.07374,1.76332,0.00000
-0.07257,1.74883,0.00000
-0.40572,2.40120,0.00000
-1.57503,3.36913,0.00000
-1.46378,2.86236,0.00000
-1.45115,3.21867,0.00000
-1.65922,3.28260,0.00000
-1.28191,3.42051,0.00000
-0.19082,1.83125,0.00000
2.86625,4.86032,-6.91291
0.93129,4.09176,-0.41863
-1.56321,2.61612,0.00000
-1.72989,2.63340,0.00000
-1.63297,2.50633,0.00000
-1.64015,2.52435,0.00000
-1.99704,2.27865,0.00000
-2.02178,2.02802,0.00000
-1.97358,1.85730,0.00000
-0.97375,-0.53803,-0.51867
1.30676,2.08214,-4.31134
0.66819,2.69602,-2.18434
-0.46791,3.06925,0.00000
-1.58231,3.70796,0.00000
-3.20514,6.23907,0.00000
-2.62677,5.93378,0.00000
-1.84828,5.08579,0.00000
-0.77852,4.96752,0.00000
0.09880,4.89239,0.00000
0.26711,5.82392,0.00000
0.65163,6.00817,0.00000
0.50598,4.11304,0.00000
3.54562,14.29941,0.00000
3.65291,-5.74610,0.44086
-1.40848,2.31824,0.20468
0.69341,1.91732,0.00000
0.13239,2.56231,0.00000
-0.78115,1.89818,-0.55893
2.91543,4.59122,-6.43119
0.99535,5.19600,0.00000
-2.20237,3.32609,0.00000
-2.40540,2.78723,0.00000
-2.35432,2.82315,0.00000
-1.65791,2.42962,0.00000
-1.30493,2.15463,0.00000
-0.57441,1.98793,0.00000
-0.36673,2.22752,0.00000
-0.13698,2.31175,0.00000
-0.01055,2.53748,0.00000
-0.01212,2.93380,0.00000
0.00093,2.95263,0.00000
0.41165,2.92195,0.00000
0.39670,2.74228,0.00000
0.53649,2.52445,0.00000
0.55939,2.33568,0.00000
0.43433,2.23571,0.00000
0.27989,2.28840,0.00000
-0.15632,2.51528,0.00000
-0.50946,2.40735,0.00000
-0.92283,2.30245,0.00000
-0.97666,2.21317,0.00000
-0.98734,2.30302,0.00000
-0.71786,2.45620,0.00000
-0.90425,2.29814,0.00000
-0.99750,2.30383,0.00000
-1.06499,2.36360,0.00000
-1.41259,2.43402,0.00000
-1.52617,2.21459,0.00000
-1.42120,2.17166,0.00000
-0.76913,1.96883,0.00000
-0.40624,2.10836,0.00000
-0.30519,2.17216,0.00000
-0.29332,2.22907,0.00000
-0.09438,2.31046,0.00000
0.12903,2.45165,0.00000
0.33769,2.27247,0.00000
0.29311,2.21212,0.00000
0.70815,2.06382,0.00000
1.06054,2.57656,0.00000
0.34762,3.61175,0.00000
0.24499,3.82423,0.00000
0.29012,3.71083,0.00000
0.02734,3.46846,0.00000
-0.69929,3.13107,0.00000
-0.94751,2.89510,0.00000
-1.00459,2.77134,0.00000
-0.93243,2.63377,0.00000
-0.81452,2.59820,0.00000
-0.90352,2.47774,0.00000
-0.74749,2.74175,0.00000
-0.26490,2.95456,0.00000
-0.31352,3.12925,0.00000
-0.88325,3.11712,0.00000
-0.78572,2.89242,0.00000
-0.25979,2.55546,0.00000
0.03696,2.50404,0.00000
0.65583,2.45819,0.00000
1.42102,3.69236,0.00000
2.54611,3.22686,0.00000
3.06758,3.18957,0.00000
5.70277,4.40381,-5.84097
5.34471,5.44461,0.00000
-2.52184,9.12206,0.00000
-2.72540,3.07637,0.00000
-2.30680,2.90697,0.00000
-1.43286,2.74316,0.00000
-0.93681,2.68311,0.00000
-0.66438,2.76217,0.00000
-0.32337,2.87291,0.00000
0.21702,3.30165,0.00000
0.41084,2.13347,0.00000
0.75727,1.66699,0.00000
2.02864,2.97795,-3.18119
2.61223,1.27319,-2.82032
2.72613,3.12933,0.00000
1.93183,3.17599,0.00000
0.32709,3.70927,0.00000
-0.95157,3.94710,0.00000
-1.11079,4.33218,0.00000
-0.95865,4.60567,0.00000
-0.73511,5.49083,0.00000
0.33228,6.45001,0.00000
1.28922,4.89242,0.00000
1.48380,4.68677,0.00000
0.78886,6.11186,0.00000
0.29510,6.66315,0.00000
1.41441,7.57007,0.00000
0.72162,5.71525,0.00000
0.92453,5.18433,0.00000
0.44543,3.33711,0.00000
0.43224,3.15285,0.00000
0.25715,3.24856,0.00000
0.54314,3.11200,0.00000
0.70737,2.90697,0.00000
-0.40870,3.02979,1.03383
-0.66882,1.79908,1.81719
0.00388,1.59236,0.00000
2.18738,1.74745,-0.10683
7.22885,3.67916,0.00000
2.26372,3.35589,0.00000
4.41243,8.76965,0.00000
1.64594,4.07953,0.00000
1.60328,4.04431,0.00000
1.13886,4.05721,0.00000
0.07525,3.47272,0.00000
-0.27184,3.30917,0.00000
-0.32169,3.31055,0.00000
-0.51919,2.38351,0.00000
-0.31591,2.16681,0.00000
-0.05483,2.40629,0.00000
0.29319,2.46855,0.00000
0.11849,2.45864,0.00000
0.36000,2.30189,0.00000
0.39492,2.04389,0.00000
0.38274,1.80307,0.00000
0.53436,1.72094,0.00000
0.51828,1.51477,0.00000
0.40773,1.50627,0.00000
0.03292,2.28629,0.00000
-0.38086,1.94538,0.00000
-0.38344,2.08338,0.00000
-0.55913,2.06480,0.00000
-0.67681,2.05922,0.00000
-0.74488,2.09787,0.00000
1.52060,0.81334,-1.83502
3.05184,2.44892,-3.45771
3.39069,4.27384,-1.60021
0.49712,3.26170,0.00000
-1.15403,3.34944,0.00000
-1.81442,2.98386,0.00000
-2.60340,3.64150,0.00000
-1.00279,0.20130,0.28984
0.76526,3.83958,-3.36438
0.63357,1.68105,-1.72746
0.19473,3.08521,-0.96953
-0.75147,3.19462,0.00000
-1.69459,3.53935,0.00000
-1.52693,3.41624,0.00000
-0.80549,4.14967,0.00000
-0.56367,3.93100,0.00000
0.28345,4.43890,0.00000
0.34883,4.60607,0.00000
0.20979,4.15567,0.00000
0.05955,3.93269,0.00000
-0.24065,3.73663,0.00000
0.14102,3.23554,0.00000
-0.18981,5.03641,0.00000
-0.09493,3.93585,0.00000
0.45951,6.15046,0.00000
2.06570,5.46844,0.00000
2.97304,5.27403,0.00000
3.54281,4.97172,0.00000
3.26461,4.64884,0.00000
2.99561,4.59090,0.00000
2.38802,7.32782,0.00000
-0.27087,5.19490,0.00000
-1.39075,4.56357,0.00000
-0.44402,4.15840,0.00000
-0.45148,4.21722,0.00000
-0.18401,3.91540,0.00000
0.04706,4.55476,0.00000
-0.91830,5.83982,0.00000
-0.95575,5.80428,0.00000
1.67836,5.93370,-2.68376
3.13003,5.79553,-4.27302
-0.68214,7.12117,0.00000
-3.70917,6.67881,0.00000
-3.53075,5.77377,0.00000
0.68145,3.34958,-4.47983
2.21364,2.81220,-1.71543
1.48143,3.64060,0.00000
-0.13215,3.65271,0.00000
-0.37615,3.88897,0.00000
-0.55969,3.83720,0.00000
-0.03922,6.80335,0.00000
0.45039,5.85735,0.00000
2.10701,5.82132,0.00000
2.31227,6.56223,0.00000
1.45816,6.42445,0.00000
0.90435,7.57839,0.00000
-1.00131,7.41807,0.00000
-0.92908,4.29597,0.00000
-0.82924,3.96484,0.00000
-0.63212,3.72535,0.00000
-0.60429,3.62426,0.00000
-0.07956,3.69326,0.00000
0.49749,4.21026,0.00000
0.47234,4.15018,0.00000
0.27061,4.17687,0.00000
0.21726,4.00046,0.00000
0.67561,4.58917,0.00000
0.35259,4.46444,0.00000
0.64570,4.12360,0.00000
0.46373,3.71684,0.00000
0.37772,3.36309,0.00000
-1.22419,4.24406,1.28733
-0.60865,1.30662,1.49944
0.07223,1.90306,0.50953
1.22313,1.96695,-0.21481
1.07848,2.70780,-0.38622
1.75436,2.59744,0.00000
1.21471,2.23281,0.00000
0.56915,2.30330,0.00000
-0.66947,3.45977,0.00000
-1.39431,2.92308,0.00000
-1.45571,2.59410,0.00000
-1.62929,2.58784,0.00000
-1.98095,2.82384,0.00000
-1.99517,3.07355,0.00000
-2.20577,2.84189,0.00000
-1.65949,2.42980,0.00000
-1.02152,2.30796,0.00000
-0.70171,1.82115,0.00000
-0.69046,1.68572,0.00000
-0.13356,1.58618,0.00000
-1.03718,1.35058,0.00000
-0.85867,0.70261,0.16163
-0.74762,0.22269,0.29531
-0.85402,0.46946,0.21804
-0.77146,0.02623,0.25827
-0.97393,-0.13674,0.36733
-1.21551,-0.04745,0.41394
-1.24111,-0.49654,0.44965
-0.98935,-0.52539,0.39098
-0.71538,-1.05622,0.22481
-0.65025,-1.04799,0.00000
-0.42147,-1.40370,0.00000
-0.60246,-1.65994,0.00000
-0.64669,-1.55442,0.00000
-7.15370,-2.78173,1.67743
-8.60791,-2.53964,3.62148
-8.20562,-2.51781,5.97700
-8.62065,-4.09480,8.00623
-8.66910,-7.78155,5.77821
-10.01892,-7.31354,8.93517
-10.94318,-5.82012,5.74238
-11.04430,-8.73562,9.55206
-5.75545,-6.20704,4.81958
-8.66229,-2.99764,4.73615
-5.50882,-5.74509,1.11843
-5.32718,-5.53380,2.30915
-7.67487,-3.17508,5.78149
-6.06819,-5.36611,3.88409
-12.73979,-5.27919,9.00041
-5.15547,-5.06495,2.92330
-7.57186,-1.71407,4.63325
-6.86949,-1.93183,4.27938
-7.11682,-3.41124,3.10821
-9.75856,-0.20356,5.03203
-5.75832,-3.00237,3.23773
-8.01195,-2.33836,4.26156
-8.05320,-1.26867,4.62951
-4.12471,-2.72195,1.76244
-2.16248,-2.58672,-0.34446
-1.13541,-2.73433,0.00000
-2.56141,-3.69442,0.00000
-10.26615,1.08113,4.84234
-7.44593,-2.32527,3.52856
-4.38074,-2.08746,0.00000
-3.00966,-1.76231,0.00000
-2.52418,-2.20653,0.00000
-2.73861,-2.51805,0.00000
-4.50153,-4.95656,0.00000
-12.16427,-2.98826,0.00000
-14.31984,-2.85735,0.00000
-5.76874,-3.56278,0.00000
1.83589,-4.78901,-0.67034
8.83198,1.97622,-6.07246
11.40966,-0.83170,-7.24292
2.30842,-1.19824,-1.69874
-4.01995,-0.48481,0.00000
-2.50834,-1.72035,0.00000
-3.99340,-2.98230,0.00000
-5.15304,-3.62457,0.00000
-4.40470,-3.84284,0.00000
-3.77646,-4.12416,0.00000
-3.49504,-3.82240,0.00000
-3.17915,-3.28906,0.00000
-2.91478,-2.80789,0.00000
-2.84818,-2.25091,0.00000
-2.64726,-1.78463,0.00000
-2.83002,-1.25492,0.00000
-3.31981,-0.70554,0.00000
-3.71549,-0.33331,0.00000
-3.88948,-0.10249,0.00000
-4.11722,0.06467,0.00000
-4.31774,0.16558,0.00000
-4.69777,0.25142,0.00000
-4.74257,0.23636,0.00000
-4.61687,0.77487,0.00000
-4.69842,0.90125,0.00000
-4.26204,0.90893,0.00000
-4.13836,0.99748,0.00000
-3.55699,0.70654,0.00000
1.07413,1.36270,-2.01961
4.61237,2.52774,-3.91586
2.15613,2.14471,-2.15753
-0.55556,3.05230,-1.04008
-3.77660,3.01897,0.00000
-5.96659,2.64495,0.00000
-6.96587,2.58947,0.00000
-7.35360,2.45624,0.00000
-7.12700,2.07940,0.00000
-6.41538,1.82538,0.00000
-5.95443,1.69987,0.00000
3.27127,4.93434,-4.93127
3.55360,4.87228,-4.58771
9.02724,4.85050,-8.30065
-2.31692,6.61152,-2.53968
-24.40885,5.02167,0.00000
6.80686,4.28016,-6.17339
-4.11208,4.24107,0.00000
-10.44208,3.47332,0.00000
-14.68900,4.10389,0.00000
3.36873,6.00805,-6.83195
1.08076,5.77357,-2.92381
-22.51700,11.21251,0.00000
-10.53230,1.60154,0.00000
10.01028,6.78710,-7.68020
-5.77684,4.86399,0.00000
-10.33768,4.12313,0.00000
-14.08884,4.49850,0.00000
-14.37261,3.95668,0.00000
-15.96447,3.70467,0.00000
-10.03051,2.49023,0.00000
-8.96358,2.95849,0.00000
-10.60854,4.15178,0.00000
7.31001,6.30941,-5.54832
5.18756,5.16260,-4.34014
-7.63723,5.26157,0.00000
-7.48902,2.99669,0.00000
4.18394,-5.56413,0.32619
-4.49232,3.82741,1.24606
-16.63384,-1.21503,0.00000
-3.37982,1.26403,0.81883
-0.03039,4.82464,0.00000
-6.00785,10.18741,0.00000
-10.69993,7.98156,0.00000
-13.85153,6.50418,0.00000
-15.99712,4.39623,0.00000
-16.32354,1.13435,0.00000
-15.75625,-1.60129,0.00000
-14.14406,-4.57788,0.00000
-10.70947,-7.19629,0.00000
-6.80271,-5.32714,0.00000
-7.30721,-6.79413,0.00000
-6.40144,-6.93638,0.00000
-4.91546,-5.55380,0.00000
-4.70035,-5.44091,0.00000
-5.21826,-6.07644,0.00000
-5.49822,-6.38836,0.00000
-6.08594,-7.08721,0.00000
-7.10419,-8.24095,0.00000
-5.52528,-5.85600,-1.16983
-5.63650,-5.16604,0.00000
-5.22553,-4.65441,0.00000
-6.58101,-6.30770,0.00000
-5.82853,-6.56719,0.04199
-5.06462,-6.37250,0.00000
-4.89040,-6.09648,0.00000
-3.99460,-6.04233,0.00000
-3.99038,-5.79286,0.00000
-3.17451,-5.60243,0.00000
-3.07577,-5.45011,0.00000
-3.81498,-5.53504,0.00000
0.74256,-7.77380,0.00000
8.31479,-0.78990,-3.08025
3.29294,-4.23273,-0.48291
0.47710,-2.94235,0.46959
-1.82883,-3.60020,0.00000
-3.33159,-4.15787,0.00000
-3.06418,-4.61023,0.00000
-3.62564,-4.80103,0.00000
-5.05073,-4.05626,0.00000
-5.65821,-3.89645,0.00000
-5.62688,-4.16765,0.00000
-4.65104,-3.53802,0.00000
-4.58562,-3.33068,0.00000
-4.05512,-3.15471,0.00000
-3.36519,-2.94265,0.00000
-2.77478,-2.54341,0.00000
-1.62755,-2.92055,0.00000
5.29325,0.82197,-3.20505
7.11219,-1.56634,-2.69960
4.10123,0.58670,-1.54465
1.44729,0.84490,-0.48396
-1.37979,1.06981,-0.34842
-2.92085,0.89640,0.00000
-3.96544,0.73826,0.00000
-4.21345,0.37164,0.00000
-4.02012,-0.13383,0.00000
-4.10720,0.30342,0.00000
-3.76205,0.19171,0.00000
-2.84261,0.14859,0.00000
-2.54476,-0.03848,0.00000
-2.70542,-0.00759,0.00000
-3.13461,-0.03263,0.00000
-3.16559,0.00072,0.00000
-2.71223,0.41182,0.00000
-2.64154,0.88208,0.00000
-2.53727,1.15262,0.00000
-2.46738,1.57570,0.00000
-2.54033,1.61324,0.00000
-3.02482,1.26209,0.00000
-3.33683,0.95557,0.00000
-3.33899,0.69380,0.00000
0.22872,-0.24061,-1.14657
4.50975,1.90823,-3.67656
0.65048,1.70065,-1.42096
-1.68478,2.23578,-0.76597
-4.47776,1.88029,0.00000
-5.49491,1.16655,0.00000
-5.81895,2.11389,0.00000
-6.04914,1.45722,0.00000
-5.99265,1.66536,0.00000
-5.56389,1.29488,0.00000
-5.25172,1.34937,0.00000
-3.99310,1.74291,0.00000
-2.84663,2.04499,0.00000
-2.50289,2.09294,0.00000
-2.22732,2.17188,0.00000
-2.17467,2.42137,0.00000
-2.45242,2.41985,0.00000
-2.38517,2.55583,0.00000
-2.53695,2.55586,0.00000
-2.73798,2.69422,0.00000
-2.45417,2.49271,0.00000
-3.41357,3.18352,0.00000
-2.39741,1.88669,0.00000
-14.17502,16.14506,0.00000
-3.32282,3.83465,0.00000
-3.05724,3.23052,0.00000
-3.24855,2.46976,0.00000
-1.68649,1.37295,0.26380
0.94385,1.10063,-0.03913
1.57466,2.08458,0.39142
1.22738,1.90492,0.00000
0.84626,1.50726,0.00000
0.37041,1.61732,0.00000
0.30466,1.66569,0.00000
0.23499,1.79506,0.00000
-0.41834,1.88883,0.00000
-0.74420,1.96162,0.00000
-1.01615,2.77901,0.00000
-0.87107,2.25319,0.00000
-0.56613,2.46967,0.00000
-0.29841,2.77101,0.00000
-0.61594,2.94236,0.00000
-0.57501,2.85011,0.00000
-0.46848,2.88612,0.00000
-0.48785,2.68193,0.00000
-0.55109,2.64895,0.00000
-0.46120,2.80324,0.00000
-0.21677,3.01839,0.00000
-0.31596,2.87403,0.00000
-0.51818,2.88499,0.00000
-0.55963,2.98233,0.00000
-0.48074,2.84864,0.00000
-0.20552,2.86780,0.00000
-0.22161,3.05036,0.00000
-0.27088,3.17341,0.00000
-0.28933,3.15287,0.00000
-0.20745,3.11466,0.00000
-0.31666,3.15847,0.00000
-0.18284,3.19099,0.00000
0.05579,3.09525,0.00000
0.28706,2.98244,0.00000
0.30489,2.85880,0.00000
0.49706,2.89463,0.00000
0.34686,3.05871,0.00000
0.85146,5.18337,0.00000
0.75299,5.65175,0.00000
-0.10114,4.96124,0.00000
0.10192,5.32424,0.00000
0.69085,4.96534,0.00000
1.18948,4.94394,0.00000
1.22486,4.89533,0.00000
-1.90786,-3.20784,-1.24960
-0.21243,4.91127,0.00000
-1.46482,5.27074,0.00000
-11.02199,4.28688,5.70892
-10.22897,1.20881,6.64037
-9.06407,0.21936,6.28191
-2.72881,-1.49276,3.77769
-4.30942,1.92274,4.19603
-0.42262,0.12524,1.32443
-1.41227,0.28661,2.25709
-2.87131,0.63466,3.21032
-0.24498,-1.40463,1.94149
-2.22599,0.97606,2.36497
-3.02204,-1.38933,3.43940
-0.73670,0.76615,1.02540
-0.38571,-0.10421,1.78816
-2.14563,1.64875,2.87556
0.18188,1.29012,1.18817
-3.31082,1.94387,3.13419
-2.92876,-0.43729,3.76034
-0.85014,1.87247,1.52655
-2.50004,2.08334,3.19721
-0.18728,2.43092,1.09388
1.53850,2.76625,-0.11820
3.14940,2.85853,0.00000
3.76905,3.24696,0.00000
3.87511,3.87386,0.00000
3.64964,4.75952,0.00000
2.56642,5.69747,0.00000
0.97565,6.24221,0.00000
-0.01736,7.84575,0.00000
-1.77401,6.85657,0.00000
-2.28566,5.36472,0.00000
-2.89968,5.11431,0.00000
-3.31771,5.01994,0.00000
-3.73351,4.39363,0.00000
-5.32748,5.49025,0.00000
-6.13540,4.95445,0.00000
-5.12164,3.53555,0.00000
-4.86076,2.57681,0.00000
-4.42271,1.19901,0.00000
-3.87365,0.53313,0.00000
-3.07152,-0.57025,-0.29521
-2.50199,-1.15777,0.18663
-2.36990,-1.16649,0.22542
-2.02792,-2.17955,0.68003
-1.38331,-3.08779,1.04621
-2.40016,-1.69155,0.80304
-3.43813,-0.94391,0.34628
-4.09906,-0.28669,-0.06661
-5.64683,0.14050,-0.59968
-6.83493,0.49870,-1.08773
-5.84321,1.15725,0.00000
-3.98273,0.96246,-0.89070
-3.81397,1.13015,-0.78551
-2.79247,0.93597,-0.72024
1.31196,0.13604,-2.25454
1.48219,-0.09917,-1.88628
-0.82786,0.98510,-0.90343
-3.93798,0.39005,0.00000
-5.09210,0.47787,0.00000
-4.49660,-0.12122,0.00000
-3.88319,-0.66307,0.00000
-3.72410,-1.02117,0.00000
-0.96610,-3.08517,0.09216
1.30870,1.13377,-2.90714
-1.12259,1.73504,-1.15340
-2.14205,1.53420,-0.77446
-3.42102,0.50122,0.00000
-3.70048,-1.16925,0.00000
-2.74555,-2.22955,0.00000
-2.24596,-3.91865,0.00000
-0.94496,-3.19655,0.00000
-0.29996,-4.89831,-0.06531
2.59333,1.75305,-2.57762
3.03081,-0.00769,-1.89014
0.99851,0.42744,-0.82254
-1.03383,0.38189,-0.19705
-2.76862,0.26378,0.00000
-3.73231,0.09126,0.00000
-3.75069,-0.53877,0.00000
-3.60038,-1.02507,0.00000
-3.69223,-1.30451,0.00000
-3.47304,-1.48196,0.00000
-3.47146,-1.60634,0.00000
-2.77429,-1.54717,0.00000
-2.72532,-1.46254,0.00000
-2.78601,-1.43817,0.00000
-3.00628,-1.15005,0.00000
-3.06055,-0.91658,0.00000
-3.19849,-0.61811,0.00000
-3.36623,-0.50629,0.00000
-3.49320,-0.38002,0.00000
-3.82812,0.00949,0.00000
-3.38977,-0.13559,0.00000
-2.83671,-0.49880,0.00000
-3.09093,-0.05897,0.00000
-3.22074,0.03504,0.00000
-3.53638,0.20323,0.00000
-3.65205,0.32734,0.00000
-3.82961,0.19881,0.00000
-3.54661,0.09712,0.00000
-3.31821,0.29749,0.00000
-1.78073,-0.70405,-0.04537
0.88612,1.27206,-2.12278
0.29647,1.08965,-1.36115
-0.25044,1.75338,-0.59600
-1.26585,1.56900,0.00000
-2.47322,1.22013,0.00000
-4.39898,0.93570,0.00000
-5.41255,-0.24932,0.00000
-2.73183,0.03875,-0.28472
1.19570,0.73952,-2.69221
-5.01950,1.87980,0.02925
-5.41840,0.17164,0.00000
-4.43371,-0.37113,0.00000
-1.66919,-1.15722,-0.04215
0.47433,2.34235,-2.68590
-0.98930,0.59732,-0.52366
-2.02127,0.45460,0.00000
-2.96894,0.30043,0.00000
-3.38035,0.41025,0.00000
-3.04852,0.17861,0.00000
-2.35929,0.13225,0.37046
-2.25035,-0.11053,0.38039
-2.25539,-0.50336,0.00000
-1.11856,-2.75698,0.47422
1.42147,1.45319,-2.73030
0.30908,0.20767,-1.29340
-0.20639,0.18562,-0.28278
-1.66037,0.29791,0.00000
-2.26115,0.05425,0.00000
-2.05688,0.15564,0.00000
-1.34549,-0.18668,0.00000
-1.45035,-0.10322,0.00000
-1.67743,-0.25306,0.33687
-1.94815,-0.52032,0.00000
-2.05002,-0.68352,0.00000
-3.53514,-1.44799,0.00000
-3.45814,-1.34973,0.89059
-3.44457,-1.10608,-0.27134
-2.87203,-0.91804,0.00000
-1.84216,-0.73523,0.00000
-0.94455,-0.65079,-0.33677
-1.09922,-0.68822,0.00000
-0.84809,-0.50604,0.00000
-0.88015,-0.54629,0.00000
-1.41609,-0.87635,0.00000
-2.01560,-1.09722,0.00000
-1.73961,-0.99510,0.00000
-1.87672,-0.70125,0.00000
-2.19674,-0.64311,0.00000
-2.49774,-0.51398,0.00000
-3.08947,-0.95307,0.77934
3.00747,-0.14859,-3.91148
0.70308,1.73115,-2.44583
-4.80526,1.66157,0.00000
-5.06687,1.35112,0.00000
-4.18073,1.23421,0.00000
-4.36079,0.90535,0.00000
-3.73398,0.36226,-0.16253
-2.41546,0.66218,0.00000
-1.20209,0.52230,0.00000
-0.63141,0.48700,0.00000
-0.43395,0.45140,0.00000
-0.58601,0.61585,0.00000
-0.66960,0.60380,0.00000
-0.74836,0.70774,0.00000
-0.87110,0.68185,0.00000
-1.30253,0.50329,0.00000
-1.73040,0.39238,0.00191
-1.86102,0.51262,-0.04605
-1.60067,0.06995,0.34427
1.61158,1.34667,-3.24021
2.01163,0.15799,-2.51075
-0.00863,1.58658,-1.31639
-1.56945,1.54959,-1.04348
-3.15040,1.41861,0.00000
-3.48854,1.46034,0.00000
-2.36698,0.82588,0.00000
-1.45950,1.17138,0.00000
-1.51031,1.37474,0.00000
-1.50997,1.05329,0.00000
-1.33227,1.09258,0.00000
-0.90066,1.16292,0.00000
-1.00330,1.37796,0.00000
-1.21414,1.48300,0.00000
-1.64089,1.36965,0.00000
-2.01706,1.29495,0.00000
-2.05239,1.50813,0.00000
-2.47145,2.36273,0.00000
-2.83945,3.28755,0.00000
-2.28864,2.74873,0.00000
-2.34896,3.74939,0.00000
-2.68223,3.30307,0.00000
-3.80912,4.31449,0.00000
-2.91012,3.62611,0.00000
-2.08101,3.51088,0.00000
-2.28160,2.68206,0.00000
-1.78604,2.69473,0.00000
0.68305,0.37503,-1.91646
2.85657,2.06030,-4.84972
-0.15975,4.05054,0.00000
-3.57477,3.94391,0.00000
-3.21901,3.84150,0.00000
-1.74482,3.37166,0.00000
-1.97252,3.27367,0.00000
-1.84287,1.98945,0.00000
-3.13670,3.07147,0.00000
-1.89465,3.56720,0.00000
-1.43366,3.86411,0.00000
-1.05917,3.64070,0.00000
-1.86406,3.37799,0.00000
-1.62574,2.60265,0.00000
-1.94806,2.19250,0.00000
-2.48848,3.01328,0.00000
-0.85929,1.84165,0.00000
-2.02474,2.48173,0.00000
-1.67934,1.60300,0.00000
-2.37524,1.35364,0.00000
-2.93406,1.34307,0.00000
-2.69159,1.23764,0.00000
-1.60092,0.54856,0.10432
-0.55792,0.32598,0.70092
0.19003,-0.47850,0.34736
-1.35551,-1.50281,0.21688
-1.64814,-2.17640,0.17578
-2.18833,-2.62753,0.00000
-1.94933,-2.94065,1.29546
-1.29494,-3.50116,1.08083
-0.67293,-2.54271,0.00000
-1.03085,-4.19638,0.00000
-0.75143,-6.30384,0.30361
-1.74658,-6.31325,0.90511
-1.34296,-6.63853,1.57751
-1.27497,-6.20972,0.00000
-15.10671,-13.93295,3.54854
-10.66493,-3.26349,-2.80249
-3.51434,-1.30648,0.00000
-4.13046,-1.99845,0.97956
-4.00600,-1.90127,1.01875
-3.52004,-1.57008,0.00000
-3.07310,-1.14283,0.00000
-4.40469,-0.53814,1.29484
-3.81845,-0.27051,0.00000
-4.28555,-0.12977,1.18638
-4.40080,-0.22811,0.84062
-4.08239,-0.33408,1.10449
-3.99633,-0.46413,0.96073
-2.44063,-0.33202,0.00000
-2.32904,-0.24205,0.00000
-3.29038,-0.35788,0.00000
-2.92562,-0.09208,0.51261
-1.94894,-0.28116,0.00000
-3.09937,-0.73798,0.43135
-2.16144,-0.30719,0.00000
-2.12815,-0.59200,0.13354
-3.24612,-0.99386,0.00000
-2.00283,-0.68476,0.00000
-1.99200,-0.65091,0.00000
-3.06800,-0.90940,0.26993
-2.41554,-0.46171,0.00000
-2.46284,-0.42040,0.00000
-2.76707,-0.55774,0.00000
-3.02843,-0.71205,0.00000
-3.15043,-0.49072,0.00000
-3.06377,-0.41579,0.00000
-3.76466,-0.51638,0.00000
-1.84234,-0.36245,0.00000
-2.29338,-0.29219,0.13434
-1.59123,-0.00092,0.00000
-2.43655,0.32333,-0.17245
-2.57497,0.69375,0.00000
-3.08620,0.86615,0.00000
-3.65236,0.93375,0.00000
-2.76103,0.70435,0.00000
-4.04784,0.91543,0.00000
-3.93734,1.01998,0.00000
-2.78725,0.75293,0.00000
-4.53963,0.99387,0.00000
-4.33632,0.85089,0.00000
-4.11748,0.70800,0.00000
-3.97159,1.07997,0.00000
-2.70151,0.71900,0.00000
-2.96950,0.74208,0.00000
-4.64077,1.27921,0.00000
-3.42260,0.85851,0.00000
-3.96727,0.84683,0.00000
-4.12242,0.69505,0.00000
-4.05821,0.50471,0.00000
-3.94607,0.41334,0.00000
-5.15457,0.83085,0.00000
-3.27495,0.53090,0.00000
-2.87673,0.74650,0.00000
-3.33542,0.70580,0.00000
-3.12397,0.77152,0.00000
-2.64806,0.82718,0.00000
-2.78987,0.74369,0.00000
-2.64895,0.70076,-0.34171
-2.51955,0.72739,-0.62904
-4.09070,1.29918,-0.39448
-3.09525,0.98359,0.63622
-3.70454,1.25760,0.00000
-4.01670,1.38435,0.00000
-3.43895,1.58821,0.00000
-2.94797,1.68797,0.00000
-2.95098,1.65440,0.00000
-3.11288,1.65600,0.00000
-3.30891,1.73190,0.00000
-3.12676,1.66760,0.00000
-3.13257,1.49444,0.00000
-2.90981,1.25937,0.00000
-3.27325,1.48229,0.00000
-3.30571,1.65559,0.00000
-3.89140,1.69831,0.00000
-4.61363,0.98169,0.00000
-5.62267,0.56823,1.04151
-5.50429,0.45504,0.00000
-5.47727,0.93834,0.00000
-5.06385,1.32866,0.00000
-2.51689,0.51378,0.06707
-2.27087,-1.34382,0.55162
-3.36119,0.01766,0.27608
-5.07042,2.17179,0.85644
-4.80477,3.20586,0.00000
-8.29301,4.21543,0.00000
-1.74689,5.55883,1.27847
-4.07702,3.27937,0.00000
-3.74351,2.94845,0.00000
-3.34154,2.63883,0.00000
-2.33957,2.64914,0.00000
-1.66293,2.55878,0.00000
-2.50224,2.31774,0.00000
-2.57367,1.55752,0.00000
-3.20908,1.49817,0.00000
-3.40418,1.60423,0.00000
-2.63790,1.43442,0.00000
-2.52845,1.14849,0.00000
-2.43281,0.93274,0.00000
-2.25821,0.89479,0.00000
-3.31577,1.48703,0.00000
-3.36639,1.63403,0.00000
-3.08331,1.66498,0.00000
-2.27235,1.12788,0.00000
-3.09250,1.58559,0.00000
-2.43568,1.26234,0.00000
-2.23617,0.92883,0.00000
-2.38309,0.82632,0.00000
-3.26847,1.12602,0.00000
-4.04786,1.47358,0.00000
-4.50348,1.65527,0.00000
-4.39132,1.82054,0.00000
-4.48352,1.83297,0.00000
-4.30121,1.74981,0.00000
-4.93067,1.45050,0.00000
-5.21741,1.09505,0.00000
-3.91092,0.85465,0.00000
-3.46939,0.84273,0.00000
-3.80559,1.11199,0.00000
-3.67756,1.19391,0.00000
-3.59226,1.53711,0.00000
-3.76260,1.68838,0.00000
-3.26034,1.31870,0.00000
-3.30448,1.12593,0.00000
-3.50111,0.92926,0.00000
-3.68209,0.77402,0.00000
-3.68917,0.78526,0.00000
-3.32198,0.94109,0.00000
-3.40720,1.01184,0.00000
-4.38610,1.34513,0.00000
-5.89172,1.27009,0.00000
-6.08054,0.98110,0.00000
3.05121,2.37943,-2.37820
-2.53919,2.71253,-0.88267
-9.11844,3.14370,0.00000
-8.38687,2.00782,0.00000
-5.91119,1.06487,0.00000
-4.99179,0.66009,0.27317
-3.95274,0.16789,0.00000
-3.57426,0.14752,0.00000
-3.41088,0.02053,0.00000
-3.02487,0.46365,0.00000
-3.19971,0.51336,0.00000
-3.51863,0.67834,0.00000
-3.87643,0.48008,0.00000
-4.32314,0.52053,0.00000
-4.66237,0.59405,0.00000
-4.62236,0.67529,0.00000
-4.38690,0.83515,0.00000
-4.77832,0.88739,0.00000
-5.00623,0.74946,0.00000
-5.52294,0.78660,0.00000
-5.95364,1.08039,0.00000
-5.20252,-0.59956,0.00000
4.02075,1.88272,-3.80657
-0.49570,2.25737,-1.70045
-3.96861,2.23800,0.00000
-5.91018,2.15260,0.00000
-5.29914,1.83056,0.00000
-4.28877,1.32587,0.00000
-4.29057,0.92701,0.00000
-0.40740,-0.82431,-0.19233
5.10477,1.53932,-3.72559
0.69611,2.33917,-1.67456
-1.48621,2.45898,-0.90057
-4.01687,2.01530,0.00000
-6.17717,1.02451,0.00000
-4.90911,1.02859,0.00000
-4.17239,1.32345,0.00000
-3.90464,0.87572,0.00000
-4.36167,0.49561,0.00000
-4.16170,0.12121,0.00000
-3.80309,0.15795,0.00000
-3.80974,-0.06449,0.00000
-5.40128,-0.30006,1.31849
-3.08405,0.25319,0.00000
-2.97449,0.26487,0.00000
-2.53772,0.43342,0.55944
-3.97120,0.46570,0.94649
-3.77351,0.34832,0.00000
-5.18092,0.64582,0.00000
-5.68681,0.80316,0.00000
-3.94090,0.50189,0.00000
-3.92329,0.56678,0.00000
-1.16872,-1.52341,0.24030
4.97214,4.12340,-4.27469
4.84146,0.99572,-3.12943
-2.33477,3.38450,0.00000
-3.14086,1.18225,0.00000
-5.03128,1.57955,0.00000
-5.01028,1.39574,0.00000
-4.10100,1.43411,0.00000
-5.26646,1.76849,0.00000
-3.87932,1.10285,0.00000
-3.81234,0.74411,0.00000
-3.69745,0.56382,0.00000
-3.35207,0.50670,0.00000
-3.14834,0.39776,0.00000
-4.35358,0.61344,0.81352
-3.09924,0.61282,0.00000
-2.81150,0.87913,0.00000
-2.72506,0.90823,0.00000
-28.63367,4.76145,0.00000
-8.50120,0.32385,0.00000
-7.51777,0.93420,0.00000
-8.14850,1.45860,0.00000
-8.29411,1.81963,0.00000
-8.06109,1.68532,0.00000
-9.52967,1.61264,0.00000
-8.10468,1.14506,0.00000
-7.58409,0.88678,0.00000
-9.86504,0.85803,0.00000
-9.26073,1.11177,0.00000
-8.46805,1.34933,0.00000
-9.29313,2.03319,0.00000
-9.75998,1.96355,0.00000
-9.15388,1.66691,0.00000
-8.89373,1.43156,0.00000
-5.30283,0.91575,0.00000
-5.23711,1.06021,0.00000
-5.45145,1.19865,0.00000
-5.30005,1.10722,0.00000
-6.31456,1.15177,0.00000
-6.29788,1.00803,0.00000
-6.41598,0.76447,0.00000
-6.62509,1.13869,0.00000
-6.94822,0.90612,0.00000
-8.29051,1.27394,0.00000
-6.98760,1.26186,0.00000
-5.64150,1.27807,0.00000
-5.87762,1.21389,0.00000
-7.92546,1.48431,0.00000
-8.61705,1.46478,0.00000
-8.69813,0.75851,0.00000
-8.58544,1.06993,0.00000
-8.11193,0.58993,0.00000
-6.54889,0.26019,0.00000
-8.25111,0.13525,0.00000
-7.78899,-0.16335,0.00000
-7.67974,-0.17086,0.00000
-5.88312,-0.88902,0.00000
3.28002,-0.91386,-1.92861
6.15946,1.71588,-3.56388
1.84290,0.15829,-1.24066
-1.17652,0.65908,-0.14119
-3.31196,0.03846,0.00000
-6.91099,-0.20674,0.00000
-6.79006,-0.43514,0.00000
-8.82678,-0.53414,0.00000
-8.73132,-0.38928,0.00000
-8.57841,-0.68300,0.00000
-3.50755,-2.88555,0.29179
8.37840,2.10707,-4.64495
2.93435,-1.46839,-1.55627
-8.18840,-1.73603,0.00000
-14.49442,-2.27911,0.00000
-14.47152,-2.04274,0.00000
-11.34616,-1.63593,0.00000
-10.49097,-2.15314,0.00000
-10.01577,-2.92714,0.00000
8.01928,-0.74602,-3.72894
8.76594,-1.07686,0.00000
1.60078,-0.30818,-0.63898
-0.15376,-0.35576,-0.03685
-4.59571,-0.57436,0.00000
-4.28575,-0.89075,0.00000
-6.50451,-0.90713,0.00000
-5.46276,-0.98333,0.00000
-6.12387,-1.46251,0.00000
-5.72578,-1.59187,0.00000
-4.33629,-1.29089,0.00000
-6.66507,-1.65413,0.00000
-5.38378,-1.03247,0.00000
-3.66840,-0.94365,0.00000
-4.02930,-0.98260,0.00000
-3.89344,-0.72088,0.00000
-3.92066,-0.58096,0.00000
-3.59698,-0.33912,0.00000
-3.58468,0.15069,0.00000
-3.86967,0.23893,0.00000
-4.51213,0.41023,0.00000
-5.04545,0.58704,0.00000
-5.43607,0.57236,0.00000
-4.62332,0.50129,0.00000
-4.55680,0.46503,0.00000
-5.57926,0.77113,0.00000
-5.10846,0.71390,0.00000
-4.32740,-0.50998,0.00000
7.05650,2.27699,-3.65702
7.20226,2.21393,-3.36942
1.59684,1.70095,-1.43580
-3.11207,3.81878,-0.22544
-10.83473,3.28868,0.00000
-11.21266,4.05095,0.00000
-11.97788,3.62646,0.00000
-11.37372,1.55986,0.00000
-9.97654,2.14006,0.00000
-8.10065,2.59692,0.00000
-4.69385,1.44456,0.00000
-3.79772,1.07945,0.00000
-3.46455,0.83670,0.00000
-3.23860,0.57981,0.00000
-4.18025,0.62641,0.00000
-3.62884,0.28032,0.00000
-4.68749,-0.07579,0.00000
-5.45878,-0.13250,0.00000
-5.62407,-0.37824,0.00000
-5.00463,-0.46244,0.00000
-3.45421,-0.29060,0.00000
-3.54607,-0.21463,-0.60140
-3.65243,0.09495,-0.59121
-3.59593,0.08975,0.35857
-2.93696,-0.30895,0.31069
-3.44132,-0.48334,0.00000
-3.33937,-0.86597,-0.31435
-2.91570,-0.65559,-0.52921
-2.71825,-0.54081,0.16981
-2.34943,-0.34321,-0.11337
-3.08614,-0.04238,-0.46542
-2.00299,0.12784,0.05432
-2.80050,0.47689,-0.15113
-2.15546,0.43224,-0.09740
-2.19508,0.59969,0.25326
-1.71177,0.23379,0.57763
-0.98174,-1.02128,0.82041
-0.63240,-0.82679,0.63662
-0.86851,-0.59405,0.43407
-0.86597,-0.62355,0.42288
-1.07532,-0.42864,0.24592
-0.77621,-0.22454,0.22150
-0.75858,-0.41410,0.31669
-0.39436,-0.55419,0.37051
-0.63196,-0.56699,0.65015
-0.97414,-0.33983,0.40868
-1.05878,-0.35853,0.41373
-0.82752,0.15541,0.63164
-1.30784,1.42059,0.52176
-1.64408,1.87143,0.74845
-1.24403,1.26692,0.61916
-1.35995,0.57059,0.48895
-1.18558,0.99269,0.43189
-0.80701,1.21992,0.42472
-0.66631,1.15792,0.30639
-0.62216,1.02000,0.39792
-0.43973,1.24836,0.52748
-0.34423,1.79370,0.40621
-0.13861,1.75590,0.44727
-0.27454,1.71628,0.00000
-0.21764,1.40486,0.08410
-0.12137,1.43459,0.00000
-0.69318,1.55197,0.00000
-0.71966,1.22034,0.00000
-0.91691,1.68433,0.36218
-0.67552,1.39766,0.00000
-0.66982,1.92777,0.00000
-0.68931,2.03372,0.54625
-0.70679,1.90327,0.00000
-0.80187,1.91267,0.00000
-0.98840,2.46068,0.00000
-6.47190,15.14779,0.00000
-4.19544,2.82490,0.00000
-3.73947,2.42133,1.55514
-3.86094,2.49201,0.00000
-3.98743,2.47511,0.00000
-3.53769,2.22102,0.00000
-3.68939,2.47672,0.00000
-3.45321,2.16305,0.00000
-3.47267,1.93567,0.00000
-3.23153,1.73153,1.39458
-3.11777,1.57271,1.32170
-3.58363,1.71334,0.00000
-3.24426,1.96913,0.00000
-3.02183,2.36150,0.00000
-1.74607,1.50740,0.00000
-2.05450,1.40638,0.00000
-3.43903,2.38924,0.00000
-2.27864,1.70052,0.00000
-3.02660,2.31748,0.00000
-4.27927,3.22953,0.00000
-5.05480,3.30470,0.00000
-5.84580,3.35423,0.00000
-6.40380,3.10559,0.00000
-6.32607,3.30759,0.00000
-5.55581,3.32973,0.00000
-6.55964,3.68771,0.00000
-6.67480,3.80414,0.00000
-7.16165,3.95734,0.00000
-8.08910,4.81866,0.00000
-7.10903,3.73506,0.00000
4.11532,4.03837,-4.78065
-3.45707,5.98270,-2.65208
-7.76734,6.39918,0.00000
-9.47650,5.47853,0.00000
-5.43289,2.50760,0.00000
-5.37679,1.99821,0.00000
-5.03178,1.93974,0.00000
-4.63921,1.63770,0.00000
-4.43746,1.57498,0.00000
-4.25748,1.48661,0.00000
-4.28883,1.76205,0.00000
-4.34397,1.92593,0.00000
-4.09220,1.76448,0.00000
-4.62969,1.78670,0.00000
-5.07789,1.66241,0.00000
-5.26869,1.84190,0.00000
-5.49298,0.60682,0.00000
-6.95128,0.57574,0.00000
-5.58976,0.74781,0.00000
-5.95264,0.81928,0.00000
-6.19916,-0.07174,0.00000
-7.86708,-0.45095,0.00000
-6.07185,-0.68694,0.00000
-5.24029,-0.88144,0.00000
-4.65578,-1.04192,0.00000
-4.17075,-1.22649,0.00000
-4.14330,-1.49435,0.00000
-1.04236,-3.40819,0.00000
5.60384,1.97366,-3.92950
2.64604,-1.44788,-0.98135
-2.50096,-0.76053,0.35717
-4.40920,-0.81543,0.00000
-6.76014,-2.26068,0.00000
-6.26639,-2.64687,0.00000
-5.76562,-3.20399,0.00000
2.95512,-3.89990,-1.46631
3.37599,-2.05354,-1.29478
-0.20357,-2.72812,-0.55021
10.13337,-2.25269,-3.97183
6.73073,-3.34326,-2.22348
6.16827,-1.23908,-2.87939
0.98526,-4.06326,-0.48624
7.05555,-0.90118,-3.81874
6.51630,-0.55169,-3.18281
3.00450,-1.18119,-1.27825
-0.91335,-0.88129,0.17007
-1.55691,-1.38065,0.46459
3.73526,0.61114,-2.04315
3.99932,-0.46706,-1.83946
-0.08028,-0.97249,-0.08313
-2.39943,-1.25579,0.30194
-0.42729,-2.47860,0.30211
5.03691,1.16718,-3.43981
2.23396,-0.87819,-0.99317
1.40970,-0.74012,-0.56462
4.59688,0.51960,-2.74006
3.80539,-0.29562,-2.15292
2.81760,-0.14944,-1.53439
3.62329,-0.50102,-1.81537
3.77534,-0.31256,-2.02127
5.92324,-1.28021,-2.67186
7.01994,1.32386,-4.78398
2.81196,0.13533,-1.68696
0.83426,1.03540,-0.76046
-0.83223,-0.34471,0.17791
-0.84477,-0.24319,0.40374
-0.14784,-1.12000,0.23114
-0.84637,-2.71995,0.00000
-0.29475,-6.36276,0.00000
-8.40098,-2.66872,6.60802
-12.86481,7.24444,9.99992
-9.72504,-1.38690,9.65045
-8.95560,-7.08721,11.38497
-9.85836,-7.42670,10.14878
-9.71023,-13.96933,7.63253
-14.18019,-14.49349,12.71091
-15.22356,-9.34982,2.85331
-16.82347,-9.88319,5.89187
-13.07563,-11.37395,0.10399
-16.60241,-1.72038,8.45226
-18.10650,-1.74973,8.54010
-19.08294,-1.71774,11.18764
-11.87315,-1.02274,8.32727
-9.93974,1.49735,6.47228
-11.71280,-1.64626,5.01899
-1.78951,2.52533,1.98072
-6.15470,-3.37392,6.77332
-4.39931,-3.78900,7.49002
-5.25526,-3.98702,6.61768
-6.45748,-2.32719,6.90413
-4.32166,-4.74861,6.38019
-8.20455,-3.22337,8.05316
-3.48516,-2.11267,3.70702
-6.10510,-1.01856,5.41871
-6.57451,-2.82482,6.41708
-5.90438,-2.00010,5.32081
-6.59888,-0.12503,5.50103
-3.77921,-2.13798,4.51559
-3.31898,-3.82552,4.70157
-3.52596,-1.72824,3.71908
-1.50868,-3.71534,3.20500
-5.65642,-2.25069,5.60123
-3.11526,-3.10243,3.63511
-6.77717,-2.06284,5.76132
-6.33538,-3.76892,5.19783
-9.05684,-1.23873,5.61736
-7.01938,-3.82912,5.73809
-8.20396,-5.27814,6.42655
-8.88566,-3.35952,6.46697
-8.45551,-1.71732,5.40295
-9.34846,-4.19415,7.12607
-10.15443,-3.05457,4.77498
-7.28209,-5.13422,6.24302
-8.89150,-4.18046,6.68787
-5.56161,-6.26781,2.28550
-1.64793,-7.80090,0.00000
1.27201,-7.84396,0.00000
3.09898,-7.74314,0.00000
4.45943,-10.38914,0.00000
1.82421,-6.38778,0.00000
0.63468,-5.29621,0.00000
-0.12897,-3.80636,-0.08489
-1.43468,-2.91981,0.00000
-2.07450,-1.74137,0.00000
-2.42619,-1.13121,0.00000
-3.57433,-0.70667,0.00000
-2.67739,-0.23138,0.77659
-2.37638,-0.12312,0.00000
-2.66984,0.09444,0.00000
-3.31448,0.14095,0.00000
-3.67295,0.22089,0.00000
-3.46375,0.27304,0.00000
-3.49483,0.44427,0.00000
-8.79805,2.47083,0.00000
-10.05874,0.12195,0.00000
-7.16487,-0.04718,0.00000
-4.90810,0.25062,0.00000
-3.25546,-0.16676,0.73775
-2.68582,-0.33156,0.76972
-2.60807,-0.10073,0.80755
-2.24631,0.02042,0.52763
-2.93438,0.11320,0.74509
-3.43013,0.27023,0.83751
-3.61539,0.37327,0.00000
-3.62091,0.56981,0.00000
-3.99790,0.64554,0.00000
-4.28634,0.83534,-0.90988
-4.19180,0.82277,0.00000
-4.33781,0.96184,0.00000
-4.83573,1.13353,0.00000
-5.35374,1.12232,0.00000
-5.46542,1.03620,0.00000
-5.73741,0.98622,0.00000
-5.77622,1.01766,0.00000
-5.72263,0.99817,0.72935
-5.89375,0.85694,0.00000
-5.64580,0.54379,0.00000
-5.41730,0.38454,-0.50104
-5.32438,-0.01598,0.81739
-5.34866,-0.00654,0.97916
-4.97698,-1.03112,-0.11593
-4.95573,-1.70637,-0.65737
-9.62451,-4.54942,2.64623
-8.52269,-7.36836,2.76456
-8.39591,-8.38857,3.57719
-10.14202,-9.60627,2.16300
-10.67348,-9.53732,0.67416
-10.10254,-10.26561,1.86019
-7.56968,-12.43337,2.98235
-5.22635,-12.72897,0.00000
-3.55087,-9.61268,0.02811
-2.98443,-9.71912,1.52492
-2.67989,-7.19193,1.68505
-2.74634,-6.43516,4.00836
-2.70662,-6.10267,2.31668
-2.65978,-4.80594,0.25548
-3.76541,-6.05065,-0.82576
-4.40397,-6.24058,-0.57679
-3.75200,-4.39937,1.91884
-3.55727,-4.81120,-0.08931
-3.23115,-4.58651,0.85748
-2.69028,-4.19601,-0.61030
1.86844,-5.09447,-0.45178
6.17426,-4.26522,-2.04831
2.20234,-3.11750,-0.64306
-0.39848,-2.42513,0.27374
3.67244,-1.31855,-2.31839
2.50370,-2.12897,-1.44196
-1.40745,-0.84488,0.18456
-3.86485,0.28964,-0.21221
-5.06060,0.81860,1.60129
-5.13095,0.80287,0.94461
-5.53364,1.20715,0.00000
-3.22772,1.07341,0.73394
-2.42848,1.22300,0.00000
-1.44714,1.15146,0.00000
-0.88244,1.12407,0.00000
2.56440,0.18864,-1.75858
4.55563,0.01302,-2.89926
2.71365,1.46852,0.00000
1.88219,0.50296,-1.54328
3.65871,2.63721,-4.50120
1.35826,1.95038,-2.25693
-1.61906,2.99900,-1.64650
-4.81771,2.86267,0.00000
-5.22685,2.40070,0.00000
-4.94661,2.20692,0.00000
-4.18783,2.19073,0.00000
-3.23203,2.06904,0.00000
-2.20608,2.16586,0.00000
-1.70979,2.18848,0.00000
-1.56361,2.32780,0.00000
-1.16927,1.78026,0.00000
-1.28579,2.65167,0.00000
-0.89801,1.95514,0.00000
-0.84437,2.04374,0.00000
-0.75934,2.39303,0.00000
-0.51132,1.50500,0.00000
-0.39916,1.59145,0.00000
-0.40631,1.26209,0.00000
-0.47824,0.72066,0.00000
-0.62363,0.76541,0.00000
-0.34773,0.97914,0.00000
-0.44371,1.33713,0.00000
-0.65659,1.75733,0.00000
-1.15889,1.62781,0.00000
-1.19020,0.90324,0.00000
-1.79583,0.95339,0.00000
-1.28682,1.23967,0.00000
-1.32012,1.54987,0.00000
-1.39918,1.66306,0.00000
-1.47202,1.60579,0.00000
-1.26304,1.27617,0.00000
-1.78744,1.77355,0.00000
-1.44360,1.55516,0.00000
-2.01263,2.02468,0.00000
-1.95480,1.93744,0.00000
-1.59578,1.36992,0.00000
-1.17251,1.01682,0.00000
-1.36380,1.18247,0.00000
-1.41045,1.41109,0.00000
-1.26546,1.32090,0.00000
-1.63692,1.14509,0.00000
-3.87464,2.53112,0.00000
-20.41940,19.74433,0.00000
-2.48879,2.75753,0.00000
-2.54744,2.69261,0.00000
-2.29019,1.97982,0.00000
-1.02032,-0.05168,0.00000
-1.06001,-1.01908,-0.50467
-1.95046,1.53043,0.00000
-2.74618,2.61874,0.00000
-2.90077,1.62575,0.00000
-6.62158,2.88357,0.00000
-7.22697,2.87321,0.00000
-6.02269,1.96563,0.00000
-2.97352,-1.14766,0.00000
-0.01602,-2.64823,0.00000
0.17396,0.72827,0.07075
1.35909,0.78241,-0.34662
-0.16802,2.26501,0.00000
-1.26479,1.84863,0.00000
0.39027,-1.76537,0.00000
-2.17812,1.15952,-0.73398
-1.91007,1.66808,0.00000
-1.90936,1.92841,0.00000
-1.80569,1.38060,0.00000
-1.92165,1.61059,0.00000
-2.44901,2.12122,0.00000
-3.51072,2.97523,0.00000
-3.19717,2.24129,0.00000
-3.17122,1.80664,0.00000
-2.13767,-0.34297,0.00000
-0.94410,-1.06539,0.02549
-1.49611,-0.32844,0.00000
1.13263,2.13267,-2.23153
1.41121,1.45451,-2.03067
0.32908,2.91367,-1.55826
-1.33809,1.88047,-0.71633
-3.30743,2.06163,0.00000
-5.43567,3.04723,0.00000
-5.98481,3.56586,0.00000
-5.55385,3.34955,0.00000
-0.84515,4.61622,-3.78790
-0.71779,1.63065,-1.16511
-1.69953,2.83691,-1.04069
-4.86112,3.23146,0.00000
0.19614,3.40998,-4.09926
0.09993,1.32960,-1.44102
-5.27711,1.80335,0.00000
-4.66962,0.07265,-1.06465
2.00170,2.07825,-3.48217
-2.94227,4.53251,0.00000
-7.04224,4.90416,0.00000
-3.00476,-0.55104,0.00000
3.51421,-0.35015,-3.17751
0.82335,2.34825,-2.72372
0.86433,1.90367,-3.39152
-0.30872,4.48685,-2.90212
-5.13950,5.72201,0.00000
-4.39189,3.56727,0.00000
-2.86474,1.06051,-0.00494
-2.79655,3.43708,1.51297
-1.98495,1.15824,1.72853
-1.53954,1.61955,0.98250
-2.74259,3.16191,1.97600
-1.69011,0.42948,3.11463
-0.65120,0.17806,1.73262
-1.73962,2.76543,3.13309
-0.16004,0.26641,2.25541
-0.31509,1.80668,2.30059
1.00312,-1.20650,1.72047
-0.51327,-0.48912,2.21776
0.12912,0.25657,1.84151
0.67117,-2.81929,3.09250
0.97864,-0.32558,1.50143
1.54252,-0.79106,1.24195
-0.59686,-1.19442,3.20532
0.25858,-2.20640,2.46586
-0.56719,-1.12213,2.54990
0.24114,-3.24332,2.92149
-0.08260,-2.78604,2.38653
0.14712,-2.08031,2.46190
-0.81437,-3.08301,2.55624
-0.81165,-3.88281,3.25425
-0.42525,-2.00875,1.68712
-1.45039,-1.17652,2.46228
-2.16401,-3.80845,3.59131
-1.93085,-3.34477,3.54749
-2.12706,-3.46784,3.95402
-4.19482,-7.16180,4.85082
-1.54142,-5.17074,4.31185
-1.98811,-3.07765,3.64656
-2.38689,-4.56756,5.48627
-0.31695,-0.94510,1.37947
4.48699,-0.73617,0.00000
4.44795,1.05825,0.00000
0.70213,-0.12852,0.35613
-2.46600,2.38542,1.67452
-2.24278,1.19679,1.73668
-2.15912,2.10548,0.79455
-0.90618,1.49488,0.41792
-3.96639,2.53833,2.39773
-2.66668,0.55008,2.14017
-2.84734,2.55824,1.09695
-1.49220,1.81427,0.50151
-0.25305,1.95729,0.00000
-1.02432,3.31269,0.00000
-1.82089,4.10714,0.00000
-2.63053,4.59301,0.00000
-3.48938,4.89978,0.00000
-4.47308,4.30077,0.00000
-4.60764,4.65267,0.00000
-4.45719,3.93940,0.00000
1.75328,3.15679,-4.16492
1.14301,1.75763,-2.14111
-0.63676,3.58082,0.00000
-1.50891,2.56079,0.00000
-2.90065,2.40720,0.00000
-3.50989,2.02998,0.00000
-2.14571,0.46944,0.06457
0.66421,3.48265,-2.92727
0.04199,1.53754,-1.47059
-0.91252,2.97577,-1.51966
1.05312,-7.58815,-1.34378
-3.05375,1.72756,0.00000
-2.31393,1.34640,0.00000
-2.50013,1.68058,0.00000
-1.82833,1.25609,0.00000
-1.36471,0.86728,0.00000
3.34800,2.84439,-3.65073
1.78577,0.95177,-1.70385
0.57954,2.63182,-1.95446
-2.96313,4.86608,0.00000
-5.74352,4.11706,0.00000
-6.55731,3.58254,0.00000
-6.43494,2.74049,0.00000
2.01649,1.97842,-3.14352
-1.28946,5.46309,-2.84702
-5.03152,3.45888,0.00000
-4.67282,1.80046,0.00000
-5.01336,1.81958,0.00000
-5.11648,1.66301,0.00000
-5.27215,1.55124,0.00000
-4.23684,1.24116,0.00000
-4.77118,1.49164,0.00000
-3.20073,0.95073,0.00000
-3.01199,0.97314,0.00000
-2.57823,0.97015,0.00000
-2.12557,1.00670,0.00000
-1.74073,0.41133,0.00000
1.71568,0.03350,-1.54706
3.16080,1.64439,-2.97157
2.09739,2.71408,-2.18450
0.23646,2.58076,-0.62524
-1.60346,2.18827,0.00000
-1.69580,1.17502,0.00000
-2.88773,1.67045,0.00000
-3.31188,1.48783,0.00000
-3.32931,0.93556,0.00000
-3.41063,0.81752,0.00000
-3.34545,0.42851,0.00000
-2.66014,0.29552,0.00000
-2.73784,0.19260,0.00000
-3.53147,0.12157,0.00000
-3.44044,0.03606,0.00000
-3.60183,-0.03148,0.00000
-2.91720,-0.09793,0.00000
-3.58694,-0.24648,0.00000
-2.63526,-0.24362,0.00000
-3.18030,-0.22711,0.00000
-3.15571,-0.14576,0.00000
-3.07767,0.05159,0.00000
-2.63025,0.26474,0.30476
-2.48407,0.41510,0.00000
-3.15275,0.59261,0.00000
-4.76127,0.98227,0.00000
-4.83375,1.04824,0.00000
-5.45249,0.84786,0.00000
-6.76107,0.64524,0.00000
-7.08220,0.35022,0.00000
-7.44472,0.20091,1.33940
-7.37228,0.33961,0.00000
-4.12405,0.21165,0.00000
-3.92665,0.12849,0.00000
-4.74961,0.09502,0.00000
-4.84771,0.03028,0.00000
-4.04758,-0.37459,0.67948
-4.18974,-0.66491,0.00000
-3.47233,-0.61131,0.00000
-4.61803,-0.82720,0.00000
-3.65465,-0.71218,0.00000
-4.46258,-0.63313,0.00000
-4.58042,-0.47092,0.00000
-3.73260,-0.29069,0.00000
-4.40903,-0.44330,0.00000
-3.39822,-0.50015,0.00000
-3.10045,-0.42345,0.00000
-3.89381,-0.68801,0.00000
-3.67480,-0.75931,0.00000
-3.31350,-0.84389,-0.20230
-3.68823,-1.27021,-0.09400
-3.95422,-2.01588,0.02126
-4.30507,-2.80385,0.40155
-3.57153,-2.58272,0.39956
-3.28058,-2.33781,0.34343
0.79880,-2.80978,-0.62053
7.51886,1.16918,-4.61766
3.14187,0.00695,-2.16505
3.51369,1.95342,-2.93371
1.00329,-0.10142,-0.16392
-2.12026,1.51914,-0.78174
-3.18363,0.87219,0.00000
-3.95390,0.82400,0.69525
-4.58699,0.62635,0.37814
-4.89728,0.41759,0.00000
-6.59876,0.34111,0.64751
-3.69194,0.01743,0.00000
-1.72400,-1.68986,0.31975
2.80652,1.53832,-3.54539
0.96402,-0.06622,-1.24081
-1.38107,1.54626,-1.14600
-2.69134,1.26448,0.00000
-3.26466,1.28745,0.00000
-5.76172,2.20415,0.00000
-3.75148,1.88240,0.00000
1.85792,1.71316,-3.11971
4.78879,2.24690,-4.46436
-0.90367,3.30556,-0.99261
-4.64829,2.10794,0.00000
-5.22433,1.35766,0.00000
-2.77777,0.51902,0.00000
-2.12732,-0.86651,-0.39293
-3.65500,1.75847,3.12425
-3.74702,0.03938,3.30770
-0.86722,-0.66295,1.22161
-0.21278,-0.69716,0.54524
0.45633,-0.60032,0.00000
1.22970,-0.57985,0.01611
0.84388,-0.29194,0.00000
0.85511,0.10780,0.00000
0.30863,0.43498,0.00000
-0.43469,-0.04296,0.28380
-4.88930,1.91207,2.98118
-5.02717,1.16534,3.05116
-3.25775,0.51192,1.70411
-2.39100,0.17353,0.00000
-1.47685,0.08372,0.58540
-0.90839,0.22502,0.00000
-0.84630,0.57981,0.00000
-0.93027,1.05898,0.00000
-0.82890,0.90123,0.00000
-1.33093,1.31652,0.00000
-1.75171,1.37712,0.00000
-1.57457,1.00287,0.00000
-2.88952,-0.00084,0.00000
-6.57911,2.82217,3.13019
-6.64149,0.40471,3.64687
-2.91362,-0.32429,1.35225
-2.72238,-0.60906,-0.05175
-5.96594,0.44584,3.60586
-4.80110,-1.26603,3.99150
-2.10342,-1.61454,1.96700
-0.17448,-3.31931,1.20710
1.52948,-3.28104,0.61420
0.76493,-1.29540,0.00000
-1.11240,1.52774,0.00000
-3.72591,3.61544,0.00000
-4.92709,4.41286,0.00000
-5.61087,4.10787,0.00000
-7.55425,4.15944,0.47081
-3.89294,1.51759,0.00000
-2.87946,1.02553,0.00000
-3.42669,1.00041,0.00000
-4.35376,1.37973,0.00000
-3.40816,1.10747,0.00000
-3.09547,1.11980,0.00000
-2.50475,0.94402,0.00000
-2.00505,0.90804,0.00000
-1.82689,0.77790,0.00000
2.27685,1.08834,-1.86897
8.28264,4.34823,-3.77967
3.55418,3.11970,-2.39454
1.11119,2.18193,0.00000
-0.64450,1.84261,0.00000
0.56206,0.78680,-0.94889
4.73611,5.31639,-5.11779
1.51354,2.58373,-2.16045
-1.44765,2.59780,0.00000
-1.63552,1.37941,0.00000
-3.26003,1.55321,0.00000
-4.25246,1.12144,0.00000
-3.31259,0.52451,0.00000
-3.97895,0.23114,0.00000
-3.48356,-0.07663,-0.25825
-3.04674,-0.31322,0.00000
-2.24836,-0.42038,0.00000
-1.60002,-0.33885,0.00000
-0.99298,-0.12949,0.00000
-1.23526,0.04881,0.00000
-1.08604,0.25423,0.00000
-1.55022,0.71757,0.00000
-1.47311,0.68966,0.00000
-4.83091,0.96846,0.31284
-10.49020,0.76298,5.32245
-6.48712,-0.42584,2.45543
-3.25265,-0.14200,1.36755
-8.54261,1.03466,2.95628
-7.72925,-0.44374,3.86205
-4.93982,-0.65016,2.42309
-2.93053,-0.15871,1.08295
-0.82348,-0.32005,0.39653
-1.27937,0.91769,0.00000
-2.16475,1.53775,0.00000
-3.03629,1.60466,0.00000
-4.19462,2.07549,0.00000
-5.53782,1.94338,1.26856
-3.80597,0.06924,-0.52097
-2.77491,-0.73518,0.25094
-2.37063,-0.97929,0.29735
-1.87280,-1.88190,0.53206
-0.58586,-2.47874,0.54808
-0.63695,-2.17213,0.72799
-1.23304,-1.93930,0.66352
-0.98667,-1.23525,0.74983
-0.68737,-0.62797,0.51840
-1.00417,-0.43018,0.34366
-1.16706,-0.14490,0.39068
-0.99202,0.13960,0.35634
-1.66643,0.45096,0.16881
-1.40645,0.47160,0.16372
-2.16179,0.79714,-0.38944
-1.71313,0.74484,-0.62481
-2.10178,1.13288,0.47174
-1.43686,0.93159,0.00000
-2.02352,1.26729,0.10102
-1.96830,1.13527,-0.01842
-1.79439,1.19599,0.00000
-1.34050,1.07166,0.11831
-0.79432,0.82581,0.26292
-0.75020,1.02776,0.20529
-0.57924,0.83301,0.35558
-0.41649,0.55101,0.00000
-0.89925,0.72484,0.09828
-1.29912,0.57964,-0.34769
-1.39347,0.58098,-0.37340
-1.40373,0.75194,0.00000
-1.54270,0.93650,0.00000
-1.90400,1.55519,0.00000
-2.43758,2.26100,0.00000
-2.69649,1.83504,0.00000
-2.49193,1.53825,0.00000
-2.41499,1.56616,0.00000
-2.37941,1.71489,0.00000
-2.27069,2.05187,0.00000
-2.06647,1.90194,0.00000
-1.61816,1.28958,0.00000
-1.76515,1.31294,0.00000
-2.02635,1.30389,0.00000
-1.58768,0.90073,0.00000
-1.55173,0.91193,0.00000
-2.14988,1.30195,0.00000
-2.00970,1.25330,0.00000
-1.96521,1.19474,0.00000
-1.89700,1.22254,0.00000
-1.87236,1.34704,0.00000
-2.01629,1.46519,0.00000
-2.03755,1.43695,0.00000
-2.11255,1.45718,0.00000
-2.24966,1.44776,0.00000
-2.37303,1.40795,0.00000
-2.53635,1.31775,0.00000
-1.97816,0.99069,0.00000
-2.60372,1.26826,0.00000
-2.06663,0.93812,0.00000
-2.86802,1.22681,0.00000
-3.00614,1.26217,0.00000
-3.02533,1.43087,0.00000
-3.11958,1.53113,0.00000
-3.20926,1.55094,0.00000
-2.37006,1.28229,0.00000
-2.98367,1.61674,0.00000
-2.97614,1.61862,0.00000
-2.83857,1.58981,0.00000
-2.70274,1.58089,0.00000
-2.71190,1.44761,0.00000
-2.86261,1.50633,0.00000
-2.68757,1.49374,0.00000
-3.17510,1.97575,0.00000
-3.80343,2.48031,0.00000
-2.53941,1.57509,0.00000
-2.65883,1.61795,0.00000
-2.13212,1.30946,0.00000
-2.05475,1.29968,0.00000
-3.09510,1.96949,0.00000
-2.36924,1.45527,0.00000
-1.63659,1.02821,0.00000
-2.21105,1.30100,0.00000
-2.26569,1.19848,0.00000
-8.97733,2.59920,0.96099
-0.80899,-0.03603,0.30199
-0.58641,-0.00423,0.37266
-0.58956,0.56877,0.00000
-0.95257,0.90030,0.00000
-0.86828,0.94185,0.00000
-1.21599,1.56136,0.00000
-0.70406,1.29961,0.00000
-0.99491,1.99798,0.00000
-1.39704,2.20049,0.00000
-1.11826,1.61314,0.00000
-1.59431,2.08285,0.00000
-1.72450,2.07824,0.00000
-1.33414,1.30746,0.00000
-1.46043,1.25494,0.00000
-0.82970,0.47542,0.00000
-0.96118,0.74288,0.00000
-1.27418,1.11189,0.00000
-1.51649,1.59766,0.00000
-1.77703,1.99048,0.00000
-2.19101,2.28341,0.00000
-2.31194,2.38260,0.00000
-2.25405,2.46020,0.00000
-2.48449,2.37784,0.00000
-2.86932,2.22532,0.00000
-2.17749,1.56042,0.00000
-2.61441,1.99341,0.00000
-2.63222,1.77485,0.00000
-2.69979,1.82538,0.00000
-2.76945,1.89670,0.00000
-2.92772,1.88014,0.00000
-2.86226,1.81082,0.00000
-2.90778,1.82014,0.00000
-2.95617,1.78257,0.00000
-3.59060,2.24873,0.00000
-2.89015,1.79343,0.00000
-3.70065,2.26033,0.00000
-5.34398,3.08296,0.00000
-5.34855,3.15484,0.00000
-5.18275,3.45541,0.00000
-5.57925,3.73872,0.00000
-5.67237,3.75275,0.00000
-5.81878,4.24900,0.00000
-9.01598,2.99794,0.00000
-13.40601,2.52657,5.26039
-9.04410,0.79332,0.00000
-4.20004,2.21243,0.00000
-2.22576,1.35766,0.00000
-2.77147,1.81831,0.00000
-1.66359,1.93917,0.00000
-1.87036,2.53854,0.00000
-2.11197,2.85125,0.00000
-2.04433,3.31227,0.00000
-3.12052,3.28009,0.00000
-3.56585,3.62558,0.00000
-3.71618,3.38805,0.00000
-4.30246,3.09796,0.00000
-4.29845,1.68794,0.00000
-4.70912,2.68483,0.00000
-5.06307,2.43694,0.00000
-4.50164,2.20606,0.00000
-3.20176,1.33065,-1.74746
-4.17896,1.80947,-1.86058
-4.00186,1.74244,-0.98185
-3.15369,1.43517,-1.05074
-3.72816,1.45886,-0.59937
-3.15684,1.19539,-0.28907
-2.23826,0.69573,-0.51195
-2.43660,0.63030,0.19151
-1.52732,0.33199,0.26671
-1.54280,0.42313,0.27634
-2.14705,0.65072,0.26732
-2.12648,0.72155,0.20663
-1.96943,0.84949,0.26060
-2.02322,1.04773,0.25703
-2.33724,1.14918,0.25511
-2.57146,1.25985,0.10398
-3.19899,1.63272,-0.19733
-2.57057,1.46532,-0.07460
-3.28134,2.05558,-1.13608
-4.81894,3.54475,0.00000
-4.15134,3.81260,0.00000
-2.31034,3.59272,0.00000
-0.81968,3.51123,0.00000
-2.95932,4.78518,0.00000
-2.84329,2.58227,0.00000
-3.18673,2.32337,0.00000
6.10900,4.97350,-6.40735
1.26586,5.33403,-3.37669
-4.83618,5.29123,0.00000
-6.91419,4.57878,0.00000
-6.73983,4.17240,0.00000
-4.95772,4.07499,0.00000
-3.88019,4.00054,0.00000
-3.29320,3.48499,0.00000
-3.33185,2.95191,0.00000
-3.16198,2.41553,0.00000
-3.61946,2.49954,0.00000
-2.95983,2.08381,0.00000
-2.50009,1.64791,0.00000
-2.82889,1.69318,0.00000
-3.39436,2.01707,0.00000
