0.0953076
0.0492015
0.0566341
0.0251564
0.0216793
0.0205146
0.0283151
0.0272532
0.0200319
0.0243033
0.0201198
0.023926
0.0203869
0.0236558
0.0183913
0.0270375
0.019579
0.0289659
0.0175104
0.0268339
0.0192551
0.0230314
0.019812
0.0245746
0.018527
0.0207751
0.0189415
0.0209384
0.0187379
0.0206321
0.0205501
0.0214917
0.0202303
0.022181
0.0190787
0.0207832
0.0199192
0.0210177
0.0187492
0.0257195
0.0181306
0.0255698
0.0197915
0.0240531
0.0194497
0.0258282
0.0195081
0.0304162
0.0193817
0.0226339
0.0235209
0.03109
0.0184181
0.017752
0.0299764
0.0251158
0.0220554
0.0206548
0.0200564
0.0218146
0.0207393
0.0185981
0.0233841
0.0227045
0.0227838
0.0204456
0.0188672
0.028006
0.0206289
0.0220048
0.0198728
0.025992
0.0193481
0.0256546
0.0214571
0.0217072
0.0238433
0.0216911
0.0207942
0.0235139
0.0225443
0.0199844
0.0320987
0.024217
0.0197966
0.0270765
0.02296
0.0205361
0.0307235
0.027031
0.0215735
0.0252736
0.0226238
0.0238308
0.0269799
0.027822
0.0232942
0.0286542
0.0256081
0.0297171
0.0261087
0.022528
0.0279373
0.0259753
0.0219476
0.0288946
0.0278455
0.0190646
0.0299104
0.0274301
0.0208241
0.0413405
0.0230221
0.0202077
0.0264695
0.0275652
0.0198987
0.0245274
0.0260256
0.0206767
0.0246993
0.0201797
0.0266099
0.0181021
0.0231553
0.0199031
0.0211667
0.0175229
0.0203623
0.0182059
0.0199595
0.0182099
0.0213418
0.0184856
0.0216182
0.0184362
0.0172475
0.0189665
0.0199908
0.0182711
0.0174131
0.017966
0.0186334
0.0210517
0.0160363
0.0229447
0.0181888
0.0153803
0.0208644
0.0197384
0.0200043
0.0216587
0.0209595
0.0218286
0.0244263
0.0229981
0.0189306
0.027838
0.0258895
0.0207766
0.0258942
0.0223567
0.0195918
0.0253497
0.0229069
0.0238667
0.0191259
0.0251256
0.0180701
0.0250065
0.019899
0.0196113
0.018169
0.0155791
0.0229736
0.021477
0.017038
0.0210812
0.0222357
0.0167636
0.0211877
0.0216547
0.0173535
0.0211181
0.0239218
0.017993
0.0239026
0.0222621
0.0194635
0.0189606
0.0274474
0.0208408
0.0271678
0.0218682
0.020412
0.0244083
0.02335
0.0187486
0.024066
0.0238526
0.0215388
0.0228963
0.0187079
0.0219468
0.0168594
0.0194086
0.0181746
0.0163545
0.016608
0.0163186
0.0164417
0.0156695
0.0182161
0.0157599
0.0214041
0.0154134
0.0164085
0.0162739
0.0184053
0.0163213
0.0164794
0.018068
0.0206082
0.01687
0.0170237
0.015745
0.0191954
0.0169111
0.0166458
0.0207543
0.0161782
0.0214888
0.0167621
0.0244439
0.0180258
0.0165701
0.0217952
0.0196516
0.0223361
0.0180293
0.0255934
0.0206646
0.0246728
0.0197703
0.0172356
0.0241044
0.0237457
0.0311866
0.0190812
0.029107
0.0233901
0.0299952
0.0239564
0.0190467
0.0236087
0.0329875
0.0192021
0.0291833
0.0295763
0.0190232
0.0323603
0.0312899
0.0217684
0.0196295
0.0243621
0.0223828
0.018275
0.0237744
0.0217445
0.0224194
0.0233254
0.0182211
0.0253781
0.0241396
0.0177057
0.0206506
0.027572
0.0215826
0.0233949
0.0203434
0.02216
0.0218304
0.0220845
0.0185002
0.0204577
0.0224869
0.020434
0.0237105
0.0252993
0.0181733
0.0182436
0.016888
0.0181796
0.0226781
0.0178985
0.0192215
0.0215215
0.0221521
0.01723
0.0237237
0.0187399
0.0168505
0.0193076
0.0225204
0.0194266
0.0155455
0.0226266
0.0167299
0.0205053
0.0239529
0.0210345
0.0164755
0.0249061
0.0183257
0.0184756
0.0218822
0.0194655
0.0165607
0.0254866
0.0183941
0.0162637
0.0259934
0.0174715
0.0206189
0.0198541
0.0184624
0.0221884
0.0213708
0.0236258
0.020003
0.0233967
0.0205146
0.0177714
0.0292983
0.0202031
0.0232096
0.023227
0.0323143
0.0206824
0.0227425
0.0239877
0.0206951
0.015855
0.019575
0.0160045
0.017218
0.0159717
0.0173232
0.0165035
0.0190777
0.0155949
0.0201553
0.0182094
0.0186569
0.0161494
0.0239111
0.0157503
0.0202771
0.0182236
0.0167037
0.026878
0.0224354
0.0181927
0.0233648
0.0218834
0.0206963
0.0207194
0.0245638
0.0188597
0.0289615
0.0216369
0.0172726
0.0225233
0.0216914
0.0181282
0.0239761
0.0303907
0.0167227
0.02591
0.0171828
0.0261102
0.0236317
0.0166079
0.0234608
0.0173258
0.0181125
0.0276165
0.0204236
0.0172129
0.0222335
0.0227549
0.0189025
0.0276896
0.0218001
0.0201233
0.0220902
0.0233015
0.016308
0.0159442
0.0285536
0.0284154
0.0217989
0.0158967
0.0228359
0.0227995
0.0188183
0.0182568
0.0221061
0.0304639
0.0234551
0.0210221
0.0202173
0.0328941
0.0238824
0.0201938
0.034661
0.043338
0.0309648
0.0196897
0.0239967
0.0297303
0.0185998
0.0485731
0.0203165
0.0227485
0.0277796
0.0179924
0.0261458
0.0208096
0.0239064
0.0198564
0.0241936
0.0177985
0.0213362
0.0186938
0.0235717
0.0196214
0.0213868
0.0171678
0.0264441
0.019286
0.0218204
0.0191091
0.0174432
0.0181426
0.0179046
0.0282448
0.020272
0.0172546
0.0267275
0.0206169
0.0180509
0.0214256
0.025797
0.0240867
0.0222626
0.0295773
0.0227498
0.0206886
0.0268945
0.0278982
0.0217901
0.0271524
0.0176814
0.0202217
0.0250548
0.0208794
0.0249321
0.0221787
0.0175367
0.0255797
0.0276508
0.0187956
0.0255684
0.0203562
0.0239255
0.0260631
0.0246176
0.0187319
0.0246162
0.0191229
0.0215147
0.0228798
0.0240693
0.0188403
0.021446
0.0202654
0.0184936
0.0217119
0.0194904
0.0206133
0.0236301
0.0193731
0.0221634
0.0277517
0.0224709
0.0253364
0.0221996
0.0266196
0.0212825
0.0247817
0.0232944
0.021686
0.0270545
0.0204765
0.0241589
0.0223654
0.0197521
0.0253825
0.0254404
0.0221352
0.0325788
0.0231766
0.0195257
0.0302349
0.0271729
0.0195942
0.0217287
0.018357
0.0269232
0.0269017
0.0239784
0.0196918
0.0305176
0.0321468
0.0219677
0.0204409
0.0195689
0.0201427
0.0199562
0.0191036
0.0195694
0.0228695
0.0249253
0.0205556
0.0251482
0.0192859
0.0204234
0.0200838
0.023381
0.0181992
0.0190556
0.0191813
0.0189965
0.0183196
0.0198459
0.0193667
0.0197085
0.019958
0.0235065
0.0223635
0.0330825
0.0245899
0.0272985
0.0203576
0.0233612
0.0212385
0.019794
0.0217822
0.0198232
0.0215779
0.0225416
0.0247936
0.0196872
0.020441
0.0205074
0.0206191
0.0214247
0.019986
0.0193773
0.0340799
0.0361587
0.0306603
0.0198109
0.0222934
0.021999
0.0340955
0.0363512
0.0299544
0.0242853
0.0300566
0.0238576
0.0268875
0.0264297
0.024566
0.0216763
0.0302888
0.0267973
0.0245089
0.0286064
0.0218029
0.0248704
0.0213904
0.0207142
0.0206713
0.0185309
0.0165671
0.0183463
0.0166203
0.0194319
0.0197399
0.018627
0.0179301
0.0166651
0.0211716
0.019518
0.0177211
0.0275253
0.0171025
0.016643
0.0223128
0.0174505
0.0186612
0.0210445
0.0183559
0.0274225
0.0175394
0.0241454
0.023398
0.023745
0.0201869
0.0236645
0.0221886
0.0177264
0.0189566
0.0186745
0.0233386
0.018069
0.0181639
0.0276348
0.022263
0.0223825
0.0202118
0.0190979
0.0187812
0.0195956
0.0185481
0.020744
0.0180911
0.0233198
0.0199247
0.0177934
0.0268951
0.0199223
0.0231419
0.022248
0.0233951
0.0184979
0.0199478
0.0184782
0.0247063
0.0181341
0.0245606
0.0196944
0.0226962
0.0194858
0.0274779
0.0174694
0.0235344
0.0239826
0.0236134
0.0188066
0.0278274
0.0181263
0.0251205
0.0229384
0.0220392
0.0231865
0.0270409
0.0178402
0.0199655
0.0194043
0.0241474
0.0183322
0.0228738
0.0253707
0.0182703
0.0192329
0.0194534
0.023623
0.0187459
0.0177831
0.0177502
0.0236039
0.0208185
0.0237855
0.0189292
0.0238375
0.0224284
0.0184041
0.0224081
0.0188941
0.0186381
0.0195664
0.019243
0.0226935
0.0189127
0.019196
0.0234736
0.0177824
0.0164671
0.0244304
0.0184148
0.0177974
0.0193014
0.0290679
0.0181109
0.0181703
0.022635
0.0192343
0.0231354
0.018944
0.0266358
0.0216906
0.018538
0.0192281
0.0181952
0.0261858
0.0206381
0.0175792
0.0187414
0.0185673
0.0186557
0.0270884
0.0180356
0.0192302
0.0188527
0.0265712
0.0217918
0.0192519
0.0219534
0.021829
0.0286637
0.0222429
0.019404
0.0242278
0.0274242
0.0189645
0.0201168
0.0260517
0.0272673
0.0193448
0.0334845
0.0212171
0.0220963
0.0178513
0.0242463
0.0263101
0.0264108
0.0227396
0.0315797
0.0240503
0.0230224
0.0187941
0.0266046
0.0205358
0.0281998
0.0208402
0.0262463
0.0208629
0.0242505
0.0189561
0.0233485
0.0229906
0.0241893
0.0226517
0.0257166
0.0201264
0.0240133
0.0237586
0.0251338
0.0247956
0.0304766
0.0261721
0.0268387
0.0248877
0.023118
0.0270532
0.0224296
0.0285496
0.029452
0.031328
0.0235246
0.0243258
0.0226369
0.0218236
0.0213854
0.0206638
0.0196326
0.0183387
0.0205468
0.0183768
0.0179815
0.0193491
0.0186446
0.0185982
0.0209101
0.0203636
0.0185665
0.0218323
0.017952
0.021615
0.0193587
0.0185303
0.0190838
0.018811
0.0252094
0.0211688
0.0181433
0.0202845
0.0166691
0.0207477
0.0189454
0.0188936
0.0223683
0.0236795
0.0226675
0.0170077
0.0158949
0.0230319
0.0168948
0.0199027
0.0157155
0.022909
0.0169567
0.0239937
0.0208206
0.0181697
0.0172965
0.0179972
0.0294077
0.0196323
0.024749
0.0234356
0.0197572
0.0177182
0.026719
0.0244643
0.0184217
0.0244098
0.0256753
0.0198614
0.0195368
0.033753
0.0192175
0.0297039
0.0251161
0.0221952
0.0259356
0.0217006
0.0309081
0.0267806
0.0304906
0.0273468
0.0203555
0.033647
0.0211357
0.0193228
0.0222937
0.0283699
0.0193157
0.024375
0.0230065
0.0235714
0.0213499
0.0285745
0.0194236
0.0189856
0.0206123
0.02603
0.0205802
0.0210748
0.0333448
0.0296237
0.0219427
0.0286048
0.0248934
0.0211346
0.0301681
0.0219687
0.0357069
0.024744
0.0238576
0.0235931
0.0178652
0.0212103
0.0210259
0.0192004
0.0231427
0.0207879
0.0231274
0.0207104
0.0203171
0.0207544
0.0232787
0.0246096
0.0214124
0.0194696
0.0207714
0.0228148
0.0230668
0.0218166
0.018665
0.0191109
0.0212864
0.0197601
0.0195483
0.0185349
0.0180573
0.0187545
0.020285
0.0210165
0.0196309
0.0204025
0.0241722
0.0175045
0.0243747
0.019226
0.0227956
0.0242076
0.022702
0.0218148
0.0290668
0.0219624
0.0297285
0.0187614
0.0232639
0.0225333
0.0249688
0.0200443
0.0259276
0.0222368
0.0182347
0.0255041
0.0237551
0.0238038
0.0247643
0.0306532
0.0193501
0.0196301
0.0245863
0.0199472
0.0192761
0.0278979
0.0184615
0.0198167
0.036063
0.0194638
0.0207343
0.0271678
0.0254468
0.0212867
0.0316515
0.0200297
0.0286271
0.0219417
0.027564
0.0205734
0.0218005
0.0192342
0.0213261
0.0210497
0.0186591
0.0174366
0.0182106
0.0173307
0.0170648
0.0192279
0.0165014
0.0226075
0.018117
0.0173227
0.0180289
0.0172374
0.0230736
0.0186229
0.0175034
0.0222412
0.0178765
0.0272692
0.0171557
0.0197771
0.0199904
0.0243781
0.0213945
0.0229273
0.0210222
0.0177798
0.0183614
0.023806
0.0163984
0.0198584
0.0195166
0.0201202
0.0267024
0.0164858
0.0211155
0.0194972
0.0245012
0.0217561
0.0261093
0.0231883
0.0245726
0.0178088
0.0226754
0.0178677
0.0213062
0.0235573
0.0196916
0.0248673
0.023165
0.0171623
0.0191162
0.0257949
0.0190086
0.0219972
0.0192626
0.0215624
0.0220741
0.0249567
0.0198201
0.0231153
0.0195348
0.0188955
0.0184408
0.0231487
0.0193497
0.0173932
0.0182939
0.0188217
0.0173507
0.0201094
0.0163505
0.0170103
0.0182622
0.0188576
0.0162282
0.016632
0.018581
0.0152248
0.0166629
0.014808
0.022351
0.0155991
0.0141926
0.013627
0.0156084
0.015279
0.0156082
0.0162628
0.0154066
0.0227825
0.0206617
0.0159036
0.0174873
0.0176836
0.0169461
0.0176604
0.0183915
0.0201117
0.0187068
0.0198211
0.0204333
0.0209334
0.0199666
0.0217175
0.0188965
0.0208686
0.0190498
0.0205663
0.0210807
0.0203662
0.0214164
0.0238583
0.0224175
0.0227025
0.0231259
0.0226356
0.0231494
0.0241178
0.0209691
0.0222662
0.0191264
0.0202346
0.0187159
0.0196239
0.0185591
0.0185917
0.0174699
0.0171695
0.0185535
0.0163869
0.0161979
0.0172046
0.0166505
0.0155159
0.014951
0.0156634
0.0166661
0.0160652
0.0160229
0.0158385
0.0220414
0.0159084
0.0173999
0.0156474
0.0169397
0.0145805
0.0164667
0.0143487
0.0213368
0.0174638
0.0169543
0.0144232
0.0183436
0.0142553
0.0202178
0.0140431
0.0222007
0.0163806
0.0161725
0.0144857
0.0153288
0.013595
0.0130827
0.0138621
0.0155278
0.0153788
0.0145378
0.0151032
0.0126306
0.0221206
0.0145767
0.0182551
0.0152836
0.016625
0.0186485
0.0179767
0.0151162
0.0201537
0.0169955
0.0164633
0.017615
0.019772
0.0212296
0.0166728
0.016205
0.0228417
0.0230877
0.0218765
0.0200531
0.0240906
0.0195851
0.02614
0.0195231
0.0290054
0.0197005
0.0237728
0.0223308
0.0243465
0.0268656
0.0247061
0.0271831
0.0356809
0.0199073
0.026854
0.0224105
0.0185176
0.0249586
0.0224747
0.018591
0.0307075
0.0201612
0.0266759
0.0286538
0.0214463
0.0257986
0.021045
0.0212866
0.0279246
0.0228579
0.0211913
0.0239822
0.0222771
0.0186009
0.0244732
0.0192754
0.0232285
0.0229347
0.0204555
0.0204014
0.0183825
0.0249048
0.0191337
0.0208243
0.0170529
0.0168186
0.0235883
0.0171201
0.0179874
0.0220382
0.0182263
0.0182635
0.026632
0.0186763
0.0178518
0.0181739
0.017118
0.0250314
0.0195056
0.0184215
0.025139
0.0181094
0.0293423
0.0243484
0.0186352
0.018813
0.0264231
0.0220372
0.0197241
0.0252737
0.0230681
0.0257596
0.0173962
0.025367
0.0300449
0.0231608
0.0230846
0.0164368
0.0319452
0.0185766
0.0171267
0.0224748
0.0187217
0.0212368
0.0282795
0.0244625
0.0178164
0.0164158
0.0314482
0.0183049
0.0215477
0.0198035
0.0291447
0.0186229
0.0304001
0.0222231
0.0244557
0.0278615
0.0222281
0.0197614
0.0363125
0.0208779
0.0388505
0.0191934
0.0201257
0.0298161
0.0244682
0.0188191
0.0271743
0.0217701
0.0208423
0.0306679
0.0198271
0.0245819
0.0297398
0.0259245
0.0283204
0.0352174
0.0279005
0.0195337
0.0224561
0.0328108
0.02025
0.0303763
0.0235589
0.0235986
0.022197
0.0231919
0.0174992
0.0261896
0.0197929
0.0231652
0.022871
0.0215966
0.0220969
0.0295596
0.017647
0.0222793
0.0209882
0.0246734
0.0246084
0.033364
0.0192954
0.0239379
0.0192427
0.0229551
0.0202179
0.021304
0.0269411
0.0229319
0.0217125
0.0188252
0.0216437
0.0253207
0.0278951
0.022967
0.0230043
0.0271307
0.0188103
0.0198297
0.0203124
0.0252608
0.0226445
0.0209592
0.020276
0.0194328
0.017297
0.0192419
0.0188506
0.0187718
0.0191422
0.0164653
0.018326
0.0157961
0.0157585
0.0147798
0.0155726
0.0152436
0.0157483
0.0150074
0.0143929
0.0166106
0.0144234
0.0168243
0.0178006
0.0164321
0.0149582
0.0205516
0.0153141
0.0160263
0.0214713
0.0167809
0.0156074
0.0153157
0.0158785
0.0232933
0.0155701
0.0242223
0.016239
0.0173636
0.0157168
0.0205625
0.0255132
0.0196363
0.0183445
0.0197002
0.0230944
0.0297216
0.0158701
0.0242388
0.0215199
0.0169054
0.0163136
0.0248054
0.0193495
0.0172704
0.0184082
0.0169189
0.0260572
0.0206141
0.0188387
0.0160772
0.0170975
0.0159336
0.0203181
0.0279362
0.0169798
0.0188242
0.016652
0.0204555
0.0196582
0.0227115
0.0170749
0.0182127
0.0260324
0.0246137
0.0202712
0.0205514
0.0276052
0.0212911
0.0207917
0.0287015
0.0268794
0.0227025
0.0362102
0.021644
0.0187976
0.0232181
0.0252057
0.023183
0.0240384
0.0206983
0.0272846
0.0242502
0.0174361
0.0199368
0.026129
0.0253438
0.03074
0.0273926
0.0192554
0.0203107
0.0296405
0.0182868
0.0282359
0.0204721
0.019376
0.0338887
0.0185415
0.0248075
0.0183569
0.0181542
0.0200544
0.0208533
0.0201084
0.0281809
0.0181258
0.0278862
0.01973
0.0179619
0.0234147
0.0221453
0.0255991
0.0178404
0.0298141
0.0215086
0.0260997
0.0184254
0.0300955
0.0199578
0.0286875
0.0199024
0.0222487
0.0196845
0.0178254
0.0186721
0.0206379
0.0184116
0.0178755
0.0199451
0.0180113
0.0193911
0.0181707
0.0226603
0.0194131
0.0185964
0.020305
0.0230833
0.0184838
0.0202296
0.0185488
0.0176262
0.0204485
0.0205187
0.0196485
0.0197923
0.0194213
0.0178968
0.0213337
0.0181261
0.0181458
0.017309
0.0161435
0.0172486
0.0161463
0.0184611
0.0177785
0.0183002
0.0194033
0.0260447
0.0202286
0.017761
0.0209172
0.0181111
0.0198215
0.016507
0.0186802
0.016184
0.0202876
0.0159269
0.015853
0.0160245
0.0172251
0.0156174
0.0162479
0.0155226
0.0179474
0.0164792
0.0213254
0.0160214
0.0171291
0.0222332
0.0169902
0.0169304
0.0170654
0.016307
0.0244541
0.014951
0.0160174
0.0155964
0.0249326
0.0145057
0.0211314
0.0150408
0.0176823
0.0160045
0.0177777
0.0158947
0.0218534
0.0156179
0.0156481
0.020755
0.0150815
0.0209664
0.018419
0.0150956
0.0219947
0.0150665
0.0207497
0.015567
0.0171396
0.0157575
0.0209435
0.015554
0.0204613
0.0161456
0.0245503
0.0165976
0.0245973
0.0184237
0.0235056
0.0194695
0.0336268
0.0188018
0.0319779
0.0191173
0.0272431
0.0194349
0.0366368
0.0172894
0.0258498
0.0198052
0.0213681
0.01851
0.0188253
0.0245396
0.0211793
0.0215477
0.0188451
0.0170975
0.0307041
0.0189838
0.0249461
0.0189736
0.0232614
0.0183704
0.026836
0.0203557
0.0253713
0.02122
0.0249667
0.0177974
0.0210658
0.0185458
0.0235012
0.0182276
0.0231203
0.0218065
0.0202005
0.0210316
0.0208789
0.0210717
0.0292304
0.0186108
0.0213169
0.0204399
0.0208068
0.0356887
0.0350273
0.0254498
0.0265086
0.0237454
0.0296773
0.0282459
0.0342683
0.0338035
0.0250555
0.0266757
0.0299432
0.0305994
0.0403829
0.0291962
0.032508
0.0262748
0.0292224
0.0384599
0.0235353
0.0248768
0.0237095
0.0243135
0.0239471
0.0344284
0.0233516
0.025575
0.0249807
0.0234566
0.0248876
0.0221096
0.0370195
0.0236989
0.0228706
0.0222414
0.0588824
0.0234857
0.0239607
0.036973
0.0303586
0.0300934
0.0256715
0.026304
0.047234
0.0233451
0.0258822
0.0429587
0.0371526
0.0267225
0.0241344
0.0477427
0.0407185
0.0235721
0.026933
0.053143
0.0252644
0.0243441
0.032626
0.0294604
0.0202432
0.0237393
0.0213243
0.0349033
0.0223997
0.0236695
0.0241048
0.0282034
0.0422698
0.0257088
0.019043
0.0224996
0.030381
0.0196073
0.0244426
0.0210215
0.0204095
0.0197044
0.0206225
0.0194295
0.0166645
0.0186693
0.020628
0.0191889
0.0219876
0.0171982
0.0212087
0.023247
0.0216333
0.0270479
0.018368
0.0270772
0.0182278
0.0283631
0.0186515
0.0239907
0.0172722
0.0264341
0.0198808
0.0250119
0.0183008
0.0221886
0.0232851
0.0207353
0.0203628
0.018895
0.0289743
0.0205658
0.0156856
0.0268972
0.027479
0.0205508
0.0216106
0.0168239
0.0173079
0.0224975
0.0330408
0.0181119
0.0261119
0.0301435
0.0280712
0.0189944
0.0247971
0.0396895
0.0272454
0.0378437
0.0253425
0.023208
0.0235911
0.0216568
0.0256156
0.0236922
0.0193904
0.0261531
0.0205269
0.0203742
0.0204438
0.0248228
0.0191263
0.0205453
0.0250958
0.0191791
0.0229377
0.021429
0.0183922
0.0225696
0.0205747
0.0260862
0.0198186
0.0207905
0.0172004
0.0194683
0.0206632
0.0203012
0.0191147
0.0211692
0.0223448
0.0164203
0.0195903
0.0196141
0.0253459
0.0175989
0.0235331
0.019049
0.0235558
0.0207519
0.0195005
0.0201854
0.0193132
0.020181
0.0189254
0.0173817
0.0210151
0.0190647
0.0191758
0.0204834
0.0162306
0.0194795
0.0186871
0.0199538
0.0162822
0.0190063
0.026886
0.0161792
0.0248587
0.0172959
0.0251218
0.017515
0.0177974
0.0205077
0.0175276
0.0225473
0.0190613
0.0149241
0.0230519
0.0221106
0.0158126
0.0289221
0.017113
0.0182451
0.0260718
0.0177675
0.0322041
0.0179588
0.0197169
0.0240903
0.0288544
0.024671
0.0213026
0.0333803
0.0222192
0.0285821
0.0224107
0.0254685
0.0200593
0.0277686
0.0257004
0.0243706
0.0192818
0.0223551
0.0201187
0.0170071
0.0248576
0.0217387
0.0179091
0.0297564
0.0190554
0.0182503
0.0213896
0.0207227
0.028172
0.0215403
0.0243876
0.0234164
0.0229306
0.0224834
0.0192305
0.022209
0.01885
0.0206194
0.0177478
0.0178524
0.0162224
0.016889
0.0178145
0.0179577
0.0166839
0.0173463
0.0196165
0.0167818
0.0173467
0.0165737
0.0176242
0.0172573
0.0223825
0.0175853
0.0199602
0.0182425
0.0199689
0.0215533
0.017421
0.0227268
0.0183545
0.0257586
0.0188197
0.0195192
0.0171255
0.0168104
0.0165097
0.023938
0.0154443
0.0247068
0.0231116
0.0160774
0.0221719
0.0203807
0.0193362
0.021128
0.0221501
0.0161948
0.0216465
0.0190568
0.0257306
0.0225278
0.0276993
0.0218861
0.0323164
0.0172846
0.0259084
0.0186433
0.0249097
0.0251249
0.0246412
0.0190806
0.017688
0.023445
0.0190006
0.0245877
0.0220246
0.0230486
0.0191209
0.0218289
0.0210441
0.0199951
0.0203596
0.0169298
0.019572
0.0194315
0.0223589
0.0210284
0.0247956
0.018793
0.0173339
0.0185089
0.018744
0.0233893
0.0190624
0.0207544
0.0184317
0.0197623
0.0241826
0.0220802
0.0199272
0.0196459
0.0197018
0.0194106
0.0199955
0.0197221
0.0238114
0.0221027
0.0222336
0.0202151
0.0204061
0.0184706
0.0254693
0.01782
0.0224223
0.0180745
0.02315
0.0247612
0.0208278
0.0163628
0.0171986
0.0214134
0.0211017
0.0193855
0.0206572
0.0306712
0.0254678
0.0229528
0.0348829
0.0188494
0.0209894
0.0337753
0.0203155
0.0188938
0.0314375
0.0208397
0.0280101
0.0288134
0.0244132
0.0248633
0.0224765
0.0267342
0.0220041
0.0290633
0.020018
0.0329013
0.0189921
0.0257665
0.0306129
0.0392666
0.020747
0.026176
0.0293271
0.0263508
0.0196702
0.0366475
0.0211945
0.0253086
0.0244483
0.0260883
0.0244363
0.0306192
0.0236822
0.0274753
0.0290889
0.032817
0.0222263
0.0271157
0.0221302
0.0198272
0.0278613
0.0215718
0.0262409
0.0314627
0.0238841
0.0328097
0.0279511
0.0330985
0.0256548
0.0322307
0.0290324
0.0215829
0.0251371
0.0237139
0.0229872
0.0201716
0.0191953
0.0217882
0.0175032
0.0213302
0.0201666
0.0185127
0.0181762
0.0239181
0.0215615
0.0197489
0.0224074
0.0185939
0.0287934
0.0178795
0.0244349
0.0209304
0.0179064
0.0215937
0.0183565
0.0231975
0.0178201
0.0260488
0.0183448
0.0240241
0.0180327
0.0231837
0.0228645
0.0261123
0.0188861
0.0231259
0.0210313
0.025497
0.0209745
0.0296707
0.0212624
0.0302268
0.0219922
0.0242455
0.0232013
0.0246685
0.0196404
0.0250208
0.0195186
0.0200933
0.0177902
0.0234838
0.0205735
0.023584
0.0224962
0.0210586
0.0191631
0.0208517
0.0197142
0.0194561
0.0189068
0.0174336
0.0191218
0.0196405
0.0194796
0.0194268
0.0187929
0.0189373
0.0196972
0.0199939
0.021745
0.0192623
0.0199925
0.0247482
0.021277
0.0266737
0.0214609
0.0222431
0.020001
0.0190414
0.019778
0.0201603
0.0242244
0.0163379
0.01818
0.0179058
0.0266527
0.0182479
0.0205209
0.019018
0.0287322
0.0211015
0.0191565
0.0206256
0.0202886
0.0210379
0.0195931
0.0224743
0.0218524
0.0199742
0.0190029
0.0186436
0.0219319
0.0223817
0.0178316
0.0196679
0.0207137
0.0178505
0.0163961
0.0175217
0.0184648
0.0205638
0.0174754
0.0186761
0.0168207
0.0181403
0.0172973
0.023302
0.0206261
0.0213282
0.0237788
0.0191774
0.0219549
0.0188066
0.020134
0.0224748
0.0210057
0.0221315
0.022196
0.0190812
0.0242757
0.0214393
0.0200332
0.0325538
0.018715
0.0234524
0.0220059
0.0194409
0.0211783
0.0174813
0.0282277
0.0172284
0.021831
0.0176146
0.0198212
0.024084
0.0194539
0.0316664
0.0185187
0.0273271
0.02432
0.0190097
0.0242976
0.0213361
0.0277707
0.02734
0.0190034
0.0224384
0.025272
0.029285
0.0260472
0.0265639
0.0215661
0.0363012
0.0208555
0.0288221
0.0225873
0.0196677
0.0278397
0.019598
0.022781
0.0347137
0.0220711
0.0219428
0.0259428
0.0203034
0.0208054
0.0204649
0.0245906
0.0202587
0.0312787
0.021149
0.0205215
0.0188457
0.0186528
0.036142
0.0229744
0.01903
0.0264897
0.0249537
0.0202122
0.0177694
0.0199189
0.020682
0.0203842
0.0181656
0.0222572
0.0206833
0.0189399
0.0204351
0.0256083
0.0221833
0.0199211
0.0240725
0.0216732
0.0213466
0.0212035
0.0207743
0.0239352
0.0216808
0.0210165
0.0263936
0.020426
0.016491
0.0240513
0.0306236
0.0176254
0.0235225
0.0192678
0.0247804
0.02144
0.0193745
0.0156735
0.0229463
0.0188745
0.0285259
0.0213437
0.0173798
0.0261015
0.0200526
0.0205334
0.0215198
0.0277782
0.0173498
0.0190785
0.0255999
0.0243945
0.0246605
0.0277653
0.022474
0.020719
0.0263859
0.020389
0.0177166
0.0185383
0.0184272
0.0348197
0.0196634
0.0186225
0.0173108
0.0220622
0.0217502
0.0304832
0.0217717
0.0189042
0.0212
0.0188984
0.0196997
0.0185631
0.0192389
0.0231524
0.0214944
0.0188388
0.0195802
0.018429
0.0203787
0.0248203
0.0287121
0.0311149
0.0201322
0.0217943
0.0198593
0.0219056
0.0206255
0.0328017
0.0232138
0.0262498
0.0271968
0.0257244
0.0252476
0.0301195
0.0237733
0.0266094
0.0301388
0.0251922
0.0400849
0.0246667
0.0220233
0.0247168
0.0275077
0.023436
0.0200012
0.0305705
0.0278444
0.0209307
0.027304
0.0258235
0.0215927
0.0233642
0.0269107
0.020537
0.0254459
0.0275366
0.0192664
0.0302482
0.0224896
0.0220867
0.0255373
0.0251058
0.0198837
0.0245128
0.0251129
0.025001
0.0219275
0.019722
0.0229579
0.0220809
0.0198628
0.0202809
0.019761
0.0221928
0.0209384
0.0210196
0.0214015
0.0209579
0.0202495
0.0255676
0.0212213
0.0220582
0.021058
0.024914
0.0198518
0.0207755
0.0202754
0.0215312
0.0228419
0.0216822
0.0207461
0.0216234
0.0249942
0.0214285
0.0217443
0.0272088
0.0218476
0.0198393
0.0231588
0.0355323
0.0202672
0.0260294
0.0272205
0.0203045
0.0197743
0.0224927
0.0202408
0.0188491
0.0219203
0.0288055
0.0193708
0.0261469
0.0186124
0.0193747
0.0218796
0.024799
0.0229891
0.0219926
0.021249
0.0222891
0.0214597
0.0188574
0.0258387
0.0225502
0.0289912
0.0206146
0.0243917
0.0231958
0.0323161
0.0219871
0.0303107
0.0241987
0.0292074
0.0251158
0.028325
0.0208116
0.0249152
0.0231682
0.0232524
0.0226176
0.0231451
0.0214096
0.0249142
0.0306821
0.0267565
0.0215136
0.0276705
0.0242144
0.0232423
0.0216485
0.0211137
0.0211102
0.0208251
0.0227701
0.0181745
0.0217388
0.0189702
0.019998
0.0239281
0.0192273
0.0288539
0.0178993
0.0197747
0.019618
0.020421
0.0192419
0.0192149
0.0178449
0.0206382
0.0176592
0.0217461
0.0190304
0.0188752
0.0165533
0.0211302
0.0163441
0.0169913
0.0152203
0.0136825
0.0173893
0.0191989
0.0182871
0.014163
0.0164755
0.0149828
0.0139954
0.01475
0.0135064
0.0174298
0.0264707
0.0176423
0.0151254
0.0188863
0.01586
0.0136649
0.0136483
0.0143081
0.0278763
0.0147671
0.0181772
0.0145269
0.0269695
0.0183914
0.0183451
0.0203479
0.0191614
0.0147926
0.0193406
0.0153448
0.0183011
0.0195945
0.0215799
0.0224685
0.0177452
0.0217161
0.0169176
0.0231411
0.0186794
0.027004
0.0344486
0.039735
0.0236433
0.025655
0.0292268
0.0342569
0.0270246
0.0237677
0.0403891
0.0214697
0.0259482
0.0383946
0.0183308
0.0446161
0.0280553
0.0340294
0.0263914
0.026342
0.0190267
0.0204695
0.0250307
0.0256025
0.0174205
0.0239411
0.0183381
0.0257594
0.0179571
0.0196848
0.0200817
0.0199633
0.0191673
0.0188672
0.0174056
0.0226669
0.0185353
0.0287777
0.0266599
0.023509
0.019167
0.0183296
0.027377
0.0199205
0.0183757
0.0156851
0.0453199
0.0322408
0.0188372
0.018576
0.018204
0.0185156
0.0164549
0.035741
0.0364106
0.0300025
0.0250324
0.0209074
0.0202666
0.0226787
0.0232892
0.0397595
0.0200505
0.0314013
0.0180274
0.0296282
0.022525
0.0292704
0.0270039
0.0364587
0.0284363
0.0190544
0.0215313
0.018186
0.0267137
0.0279305
0.0322416
0.0484658
0.0230093
0.0210368
0.019144
0.0281812
0.0305513
0.0270373
0.0533953
0.018975
0.0251504
0.0197456
0.0286224
0.0480822
0.0514433
0.0269131
0.0260854
0.0235599
0.0200731
0.0310955
0.0394678
0.0281189
0.0334985
0.0247312
0.0193755
0.026543
0.0421239
0.0344769
0.0346805
0.0214381
0.0239475
0.0255976
0.0301109
0.0357151
0.0204552
0.0309603
0.0300515
0.0238162
0.0321249
0.0355901
0.0205386
0.0224475
0.0216583
0.0208063
0.0236904
0.0162793
0.0248077
0.0259885
0.0237075
0.0267282
0.0197665
0.0251099
0.0207599
0.0213426
0.0223982
0.0191904
0.0204966
0.0237914
0.0184229
0.0289876
0.0193576
0.0171236
0.0181419
0.0269108
0.025337
0.019425
0.0240858
0.033416
0.0282898
0.0254453
0.0234974
0.0292245
0.0194086
0.023124
0.0294776
0.0190389
0.0255232
0.0237588
0.0220565
0.022393
0.0283739
0.0198795
0.0249371
0.0280575
0.0186211
0.0230651
0.0282364
0.0213137
0.023829
0.0257158
0.022495
0.0242228
0.0246367
0.0243321
0.020168
0.0241148
0.0258376
0.0209854
0.0211618
0.0197293
0.0178149
0.02775
0.0291358
0.0204182
0.0236386
0.0184915
0.0190761
0.0221923
0.0241417
0.0184144
0.0202885
0.018787
0.0217052
0.0193898
0.0191507
0.0201237
0.0242994
0.0216262
0.0217171
0.022958
0.0194442
0.020413
0.0201026
0.0170565
0.0174164
0.0222505
0.0192013
0.0173562
0.0235517
0.0206426
0.0189822
0.0226581
0.0181197
0.0220413
0.0261008
0.0182913
0.0242742
0.0197147
0.0169963
0.0312702
0.0197215
0.0240547
0.0180878
0.0199493
0.0240332
0.0203736
0.0210833
0.0207146
0.0178059
0.0248708
0.0271916
0.0249092
0.0224215
0.0183411
0.0226397
0.0223476
0.0274271
0.0406458
0.0203383
0.0210805
0.0383647
0.0218678
0.0282696
0.023681
0.020158
0.0313069
0.0199071
0.0365923
0.0211277
0.0259084
0.0228897
0.020227
0.0267979
0.0189434
0.0274166
0.0198904
0.0185387
0.0157965
0.0183662
0.0167845
0.0207392
0.0170172
0.0179383
0.0175932
0.0225267
0.0167152
0.0282616
0.0173288
0.0205429
0.0226078
0.0180195
0.0207842
0.0191528
0.0252198
0.0204442
0.0205016
0.0242408
0.0260494
0.024052
0.0232077
0.0293193
0.0231299
0.0366224
0.0195546
0.0258983
0.0268303
0.0265287
0.0218997
0.0182961
0.0267232
0.0198661
0.0260808
0.025444
0.0216848
0.0206792
0.0229217
0.0249482
0.0213229
0.0227831
0.0139949
0.0182417
0.0162624
0.0207485
0.0194254
0.0233628
0.0203666
0.0206326
0.0177968
0.0226433
0.0189237
0.0286134
0.0174972
0.0235538
0.0185361
0.0196667
0.0194214
0.020091
0.0174634
0.0229534
0.0192038
0.0212201
0.0174896
0.0188164
0.0180638
0.0225172
0.021271
0.0214742
0.0190146
0.0222721
0.0182194
0.0235777
0.0196081
0.0198272
0.0215939
0.0227887
0.0216663
0.0228145
0.0209303
0.0221608
0.0281275
0.0189727
0.0260852
0.0192171
0.0266986
0.0189071
0.0316199
0.0223328
0.0233382
0.0202175
0.0175755
0.022989
0.0185296
0.0205351
0.026034
0.0207254
0.0231715
0.0251858
0.0195159
0.0228921
0.0227748
0.0239428
0.0213956
0.0239628
0.020405
0.0182184
0.0249385
0.0209133
0.0263343
0.0286771
0.0276609
0.0227298
0.0252361
0.0214688
0.0388318
0.0185405
0.0273655
0.0186071
0.018942
0.0415921
0.0183592
0.0224458
0.0227223
0.0189103
0.0364035
0.0211193
0.0232758
0.0238452
0.0217074
0.0243051
0.0271372
0.0267591
0.0233488
0.0239999
0.0224402
0.021103
0.0258715
0.0277598
0.023938
0.0262232
0.0269014
0.0224154
0.0243972
0.034232
0.0255417
0.0215868
0.0399124
0.0264185
0.0217721
0.0247294
0.0221681
0.0338722
0.0307881
0.0243657
0.0328236
0.0254993
0.0257366
0.0226645
0.0302826
0.0343806
0.0238721
0.0286307
0.0350184
0.0243284
0.0199809
0.0275287
0.0215029
0.0227154
0.0185073
0.0179516
0.0205872
0.0205434
0.0203957
0.0194966
0.0223827
0.0195444
0.0229659
0.0191785
0.0246029
0.0241772
0.0306306
0.0192233
0.0266192
0.0185762
0.0239114
0.0169454
0.0285882
0.0200511
0.0304144
0.0250352
0.0199655
0.020478
0.017191
0.0224345
0.0182798
0.0374674
0.0188079
0.0241253
0.019136
0.021994
0.0160231
0.0241023
0.0164875
0.0200308
0.0209666
0.0161244
0.0223851
0.0220978
0.0210709
0.0199811
0.0156368
0.0191723
0.0179456
0.0301821
0.0160532
0.0218744
0.019605
0.0224644
0.017811
0.0226318
0.0187031
0.0205082
0.0201817
0.0230472
0.0182731
0.02751
0.0203589
0.023325
0.0208153
0.0285551
0.0165577
0.0228998
0.0203676
0.0184408
0.022218
0.028146
0.0314469
0.0185764
0.0299891
0.0212672
0.0217408
0.0294337
0.0206342
0.0318641
0.0214262
0.0171758
0.0217141
0.0201628
0.0213054
0.0169794
0.0171309
0.0159326
0.0171499
0.0166008
0.0185588
0.0165043
0.0195532
0.01654
0.0174881
0.0199433
0.0202169
0.0153007
0.0196847
0.0166711
0.0152861
0.0175904
0.0194858
0.0217238
0.0157668
0.0146889
0.0224168
0.0264487
0.0155061
0.0259969
0.0208312
0.0153104
0.0239277
0.023752
0.0155157
0.0203146
0.0208146
0.0147632
0.0229718
0.0180814
0.0192404
0.0173545
0.0201153
0.0187741
0.0211641
0.0219487
0.0234268
0.0244601
0.020657
0.018906
0.0250304
0.0194909
0.0300383
0.022149
0.0250141
0.023227
0.0236852
0.0224677
0.0354624
0.0208856
0.0282803
0.0239738
0.0257424
0.0278861
0.0288914
0.022983
0.0207559
0.0253933
0.025829
0.0256603
0.0252077
0.0240686
0.0230859
0.0265985
0.0226222
0.0323224
0.0239301
0.0258504
0.0221006
0.0226418
0.0247828
0.0235972
0.0225402
0.0232251
0.0244186
0.0208729
0.0219695
0.0223677
0.0199431
0.0235266
0.0203138
0.0219186
0.0189364
0.023787
0.019233
0.0199252
0.0186528
0.0186204
0.0169474
0.0181889
0.0189398
0.0210564
0.0213921
0.0160721
0.0183261
0.0185161
0.0206995
0.0228121
0.0156175
0.0177325
0.0194732
0.0224763
0.0217865
0.0188318
0.0208534
0.0192593
0.0207357
0.0182056
0.0194092
0.0256638
0.0217644
0.0194428
0.0172222
0.0220665
0.0206935
0.0194965
0.0239996
0.021409
0.0175524
0.0249897
0.0186902
0.0327958
0.0177847
0.0177139
0.0235901
0.0212208
0.03815
0.0188359
0.0206507
0.024597
0.0228633
0.0179441
0.0293571
0.0211688
0.0204197
0.0189823
0.0268018
0.0274809
0.0185319
0.02905
0.0188653
0.0211716
0.0260169
0.0222804
0.0199506
0.0295645
0.0236258
0.0313583
0.0219075
0.0333829
0.0215152
0.029039
0.018077
0.0355374
0.0243566
0.0195632
0.0274021
0.0219476
0.0240783
0.0192291
0.0293672
0.0165831
0.0235901
0.0196893
0.0218916
0.0201823
0.0264095
0.0165848
0.023784
0.0202094
0.0183657
0.0165988
0.0217779
0.0192878
0.0197072
0.0172446
0.0241751
0.0199205
0.0261866
0.0182855
0.022961
0.0231069
0.0270978
0.0255011
0.0240371
0.0215195
0.0260769
0.019877
0.0182997
0.0216582
0.0222911
0.0198073
0.0315867
0.0211081
0.0233985
0.0199191
0.018451
0.0207124
0.018033
0.0166044
0.0235329
0.0165964
0.0248634
0.0176589
0.0229349
0.0181089
0.0221481
0.0234012
0.0217035
0.017672
0.0203723
0.0172265
0.0207668
0.0174073
0.0215707
0.0181887
0.0221761
0.0252177
0.020281
0.025889
0.0219613
0.0271425
0.0210861
0.0285601
0.0235548
0.0305874
0.0215757
0.029217
0.0228312
0.0194453
0.0263074
0.0223609
0.0238011
0.0237224
0.0211727
0.0190662
0.0211514
0.0221082
0.0201116
0.0222073
0.0214696
0.0182279
0.0247723
0.0177381
0.0237452
0.0222657
0.0212366
0.0202985
0.025108
0.0213013
0.0252344
0.0203557
0.0202903
0.0221844
0.0204275
0.0195366
0.0198727
0.0168007
0.0317836
0.0179594
0.0164963
0.0182672
0.0176922
0.0178008
0.0160981
0.0189433
0.0161061
0.0185739
0.0169067
0.0200369
0.0163064
0.0155951
0.0225219
0.0160785
0.0171241
0.0163753
0.0258537
0.0158426
0.0238328
0.0178867
0.0199198
0.0169159
0.0198115
0.0186748
0.0166067
0.0203191
0.017437
0.0184381
0.0180433
0.0213692
0.0216445
0.0214527
0.0222254
0.0202047
0.0161609
0.0343094
0.0176421
0.0185958
0.0159163
0.032783
0.0178718
0.0171642
0.015512
0.0143769
0.0217512
0.0167553
0.0162318
0.0245768
0.0178279
0.0165257
0.0221316
0.0233617
0.0200281
0.0156999
0.0212018
0.0233092
0.014541
0.0195495
0.0240362
0.0189458
0.0150393
0.0208632
0.0176218
0.0314733
0.0182459
0.0268817
0.0196575
0.0251741
0.0198786
0.0220632
0.0191472
0.0280924
0.019993
0.0306877
0.0244343
0.0263461
0.0225376
0.0278688
0.0231788
0.0361092
0.0222669
0.0283636
0.0199102
0.030225
0.0254271
0.0207845
0.0234745
0.0229822
0.0220936
0.0220085
0.0230251
0.0195789
0.0216505
0.0214102
0.0243363
0.0203451
0.0226363
0.0203946
0.0264508
0.0211827
0.0246509
0.021316
0.0232545
0.0291859
0.0214697
0.0229243
0.0223314
0.021882
0.0210198
0.0188764
0.0222673
0.021043
0.0194082
0.0179204
0.0210698
0.0178159
0.0182973
0.0192993
0.0198951
0.0176317
0.019769
0.021285
0.0209808
0.0202118
0.0264325
0.0284855
0.0286309
0.0323756
0.0284718
0.028573
0.0230601
0.0239635
0.0292971
0.0281625
0.0212425
0.0311342
0.0271006
0.0218076
0.0231882
0.0637923
0.0227027
0.0211662
0.0359404
0.020522
0.0224541
0.0198778
0.0211541
0.0223779
0.0194128
0.0195944
0.0340231
0.0213764
0.033163
0.0338904
0.0207803
0.0370283
0.0487676
0.0331449
0.0394152
0.0274195
0.0255634
0.026867
0.034205
0.0459114
0.0374534
0.0308221
0.0262605
0.0386506
0.0384526
0.0322294
0.0640633
0.0382895
0.035686
0.0323677
0.0258849
0.0255848
0.0264112
0.0299827
0.0421309
0.0686675
0.03067
0.0304438
0.0263661
0.0260862
0.0264896
0.0286684
0.027229
0.0408077
0.0472947
0.0283983
0.0350139
0.0244959
0.0274754
0.0259611
0.0363145
0.0352106
0.0466366
0.0396901
0.033323
0.0399769
0.0281072
0.0429337
0.025991
0.0270269
0.0338439
0.052183
0.0324809
0.0306704
0.0232941
0.022423
0.0372943
0.0237311
0.0249821
0.024528
0.0538114
0.0401225
0.0372661
0.0272479
0.0252321
0.0238813
0.0352804
0.0265331
0.0259553
0.0389394
0.0445508
0.0306994
0.0280097
0.0260914
0.0258111
0.0249068
0.0340667
0.0254899
0.0260201
0.0511723
0.0305994
0.0367076
0.0251413
0.0229196
0.0224855
0.0226401
0.0347602
0.0343217
0.054319
0.0348425
0.043002
0.0228918
0.0239269
0.0218639
0.0324347
0.0281294
0.0231681
0.0364157
0.0256807
0.0321794
0.0256758
0.0308386
0.0319337
0.0268509
0.0268473
0.0238605
0.0384645
0.0270622
0.020492
0.0219574
0.0221986
0.0232793
0.0217555
0.0244199
0.0238801
0.0248102
0.021635
0.0238656
0.0197921
0.0267127
0.0297135
0.0217479
0.0226028
0.0220613
0.0228759
0.0220577
0.0239757
0.0224373
0.0235155
0.0214165
0.0239163
0.0221313
0.0266072
0.0277196
0.0251018
0.0243919
0.0233977
0.0272349
0.0409057
0.0310415
0.034462
0.0248758
0.0272724
0.025115
0.026702
0.0282087
0.0281101
0.0277187
0.0241632
0.0231034
0.0256172
0.0324702
0.0310446
0.0366405
0.0273385
0.0269469
0.0229977
0.0253421
0.0362462
0.0277667
0.0335556
0.0306948
0.029903
0.0273857
0.0278185
0.0460425
0.0304967
0.0304596
0.0250119
0.0249103
0.0393933
0.0348023
0.0261547
0.026184
0.0354248
0.0346558
0.0273136
0.0219981
0.0279702
0.0322308
0.0306937
0.0253519
0.0225376
0.0224088
0.0290296
0.0229594
0.0251548
0.0213093
0.0246939
0.0197264
0.0252894
0.0195477
0.0231422
0.0221424
0.023166
0.0214746
0.0236928
0.0212479
0.0246081
0.022515
0.0221161
0.0219512
0.0213523
0.0217776
0.0211308
0.0216821
0.0222158
0.0216495
0.0204957
0.0227161
0.0223161
0.0211584
0.0238068
0.0235785
0.0225207
0.0242942
0.0224238
0.0258498
0.0214207
0.0232976
0.0211028
0.0216506
0.0210755
0.0233163
0.0205944
0.0228297
0.021108
0.0242465
0.0216928
0.0258893
0.0227672
0.0220294
0.0218308
0.021781
0.0213501
0.0241942
0.0205208
0.0212646
0.0216086
0.0222833
0.0250329
0.0213526
0.0259956
0.022711
0.0243832
0.0210232
0.0227875
0.0214537
0.022837
0.0220549
0.0276571
0.0220394
0.0235582
0.0210053
0.0225782
0.0220547
0.021614
0.0218156
0.0220644
0.0217979
0.0211962
0.0255445
0.0314563
0.0304136
0.0214984
0.0230278
0.0215006
0.0230429
0.0218182
0.0226807
0.0204688
0.0236482
0.0225432
0.0235905
0.0229338
0.0223576
0.0211862
0.0216
0.021489
0.0220092
0.0306662
0.0216409
0.02327
0.02368
0.027048
0.0274495
0.0345285
0.025664
0.0244488
0.0253423
0.0258646
0.0494785
0.0312209
0.0271662
0.0294695
0.033599
0.0285238
0.0319929
0.0377807
0.035677
0.0257038
0.0302657
0.0345986
0.0404056
0.0267779
0.030561
0.0359779
0.0338804
0.0350485
0.0297276
0.0250354
0.0362872
0.0344057
0.0310997
0.0230651
0.0242508
0.0252421
0.0225859
0.0243672
0.0216395
0.0241615
0.0275699
0.0277631
0.028032
0.0236332
0.0265231
0.0279653
0.0256081
0.028104
0.0270008
0.0264418
0.0263191
0.0254162
0.0253581
0.0247555
0.0327757
0.0471581
0.0302069
0.0267096
0.0291232
0.0433529
0.0324206
0.0277862
0.025671
0.0370057
0.0311357
0.0289375
0.0274436
0.0276913
0.0217017
0.0241845
0.0222526
0.0262089
0.0236598
0.0251758
0.0221077
0.024534
0.0274731
0.0226682
0.0248821
0.0220536
0.0235675
0.0223325
0.0238813
0.0240425
0.0250473
0.0207444
0.0244899
0.0191561
0.0232764
0.0210061
0.0234383
0.0209612
0.0243457
0.0216117
0.025422
0.0212192
0.0241289
0.0290681
0.0242444
0.0264304
0.0232995
0.0271299
0.0312126
0.0249007
0.0249175
0.0238356
0.0263597
0.0241769
0.0262405
0.0283788
0.0258762
0.024868
0.0270164
0.0280144
0.0255677
0.0274356
0.0264545
0.0226473
0.0245465
0.0230891
0.021902
0.0210985
0.0230078
0.0200944
0.0219572
0.0209045
0.0215091
0.0213477
0.0226104
0.0218144
0.0220324
0.0222318
0.0214862
0.022377
0.022792
0.0222342
0.0217195
0.0220699
0.0210658
0.0219644
0.0227942
0.0209872
0.0225774
0.0250606
0.03519
0.0303607
0.0308723
0.0255397
0.021068
0.0236004
0.0216035
0.0231591
0.0219184
0.0234276
0.0297831
0.023157
0.0247501
0.0229573
0.0243084
0.0214686
0.0240228
0.0224408
0.0247122
0.0213983
0.0227313
0.0208836
0.0231044
0.0203173
0.0227266
0.0214122
0.0222046
0.020452
0.0223064
0.0214674
0.0230048
0.0214004
0.0258175
0.0251621
0.0228865
0.0245424
0.0290036
0.0279879
0.0245167
0.059099
0.0246678
0.0304714
0.0414991
0.0236232
0.0239506
0.0367289
0.0244456
0.0248902
0.0227296
0.0365301
0.0183063
0.0335754
0.0236234
0.0219428
0.0164285
0.0191358
0.0224123
0.0192008
0.0191036
0.0212758
0.0213425
0.0186096
0.0200311
0.0244004
0.0168769
0.0293597
0.0169512
0.0328912
0.0183009
0.0196234
0.018409
0.0269039
0.0205945
0.0205601
0.0173785
0.0193391
0.0193575
0.0186878
0.0200203
0.0207538
0.0180839
0.0187267
0.0195912
0.0178298
0.0294422
0.0185067
0.0221915
0.0185613
0.0192542
0.0195703
0.03187
0.0174422
0.0234285
0.0244238
0.0283928
0.0196303
0.0234806
0.0205298
0.0200838
0.0181933
0.02674
0.0292023
0.0277796
0.0257096
0.0197409
0.0289963
0.0296282
0.0286727
0.0214221
0.0228711
0.0397662
0.0230939
0.0217556
0.0253188
0.0227244
0.0205821
0.020215
0.0178381
0.0261944
0.0207128
0.0398903
0.024011
0.0224481
0.0280799
0.0209279
0.0237772
0.0252546
0.0310078
0.0284116
0.0274695
0.0298376
0.03163
0.0224838
0.0296239
0.0298169
0.029548
0.0323061
0.0271266
0.0295597
0.0311833
0.0416401
0.0275365
0.0253914
0.0270474
0.0325442
0.0308052
0.0323054
0.0377596
0.0273186
0.0300659
0.0418766
0.0306277
0.0339034
0.037504
0.0435579
0.0312703
0.0487984
0.0339941
0.0417441
0.0298417
0.0278589
0.0313571
0.0344815
0.028795
0.0356164
0.0316347
0.0253473
0.0296892
0.024922
0.0190318
0.0207081
0.019549
0.0196037
0.0178879
0.0168712
0.0185816
0.0171426
0.0204394
0.0174351
0.0204671
0.0173205
0.0180893
0.0198989
0.0231772
0.0189637
0.0223688
0.0195564
0.018522
0.0235058
0.016392
0.0223196
0.0176028
0.0256381
0.0171226
0.0186854
0.0189678
0.0209629
0.0204089
0.0234618
0.0205274
0.021176
0.0192505
0.0165674
0.021316
0.0180186
0.0197283
0.0172274
0.0181842
0.0172965
0.0240487
0.0170985
0.0182087
0.0179908
0.0171738
0.0222357
0.018949
0.0206547
0.0198609
0.0215975
0.0192979
0.0212417
0.0177375
0.0175492
0.0192232
0.0168092
0.0170044
0.0191646
0.0262517
0.0167526
0.0209593
0.017841
0.0170098
0.0182078
0.016962
0.0176143
0.0179594
0.017262
0.0178623
0.0164215
0.0174586
0.019165
0.0221753
0.0166418
0.0185494
0.0189962
0.017422
0.0204148
0.0174055
0.0174449
0.0182292
0.0158014
0.0159646
0.0160175
0.0176127
0.0161662
0.0150646
0.0164972
0.0163472
0.0200279
0.0172331
0.0170299
0.0184881
0.0161324
0.0197189
0.0174102
0.0190809
0.0163563
0.0153708
0.0155419
0.0176057
0.016658
0.0166772
0.0159215
0.0181098
0.016609
0.0169792
0.0165245
0.0154855
0.0189148
0.0170505
0.014535
0.0185645
0.0198559
0.0201112
0.016222
0.0269173
0.0173324
0.0210928
0.0189312
0.0241874
0.0197548
0.0223674
0.017351
0.0187529
0.0194821
0.0181648
0.0195335
0.0196285
0.0204786
0.0194346
0.0221853
0.0219777
0.0220963
0.0189232
0.0251489
0.0195326
0.0166174
0.0209929
0.0167183
0.0173862
0.0186776
0.0292467
0.0159006
0.0180867
0.0165629
0.0150864
0.0149041
0.0163008
0.0218929
0.0161639
0.0150907
0.0163587
0.0161304
0.0178113
0.0182446
0.0154826
0.0179234
0.0165894
0.0171863
0.0174823
0.0170959
0.0171177
0.0164804
0.0174295
0.0168592
0.0164182
0.0161585
0.0163986
0.015885
0.0159946
0.0160835
0.0180789
0.0171277
0.0157968
0.0177858
0.0178713
0.0167602
0.0167637
0.0163316
0.0181389
0.0149501
0.0195937
0.021257
0.0163883
0.0181673
0.0176706
0.0179801
0.0186371
0.0195158
0.0205554
0.0173354
0.0177117
0.0174495
0.0177425
0.0185787
0.0228775
0.0190587
0.0205363
0.0179644
0.0162903
0.0174914
0.0183386
0.0163195
0.0181409
0.0151438
0.0167566
0.0156149
0.0199062
0.0162288
0.0153006
0.0175148
0.0153985
0.0223859
0.021925
0.0206649
0.0178917
0.0168421
0.0198505
0.0159426
0.0184317
0.0172231
0.0168018
0.0186255
0.0206793
0.0193725
0.0202222
0.0198885
0.0238674
0.0192022
0.0233993
0.0194701
0.0225692
0.0221573
0.0237443
0.0241394
0.0225019
0.0211319
0.0233085
0.0266061
0.0220379
0.0232484
0.028929
0.0206955
0.0234477
0.0277506
0.0194869
0.0201344
0.0260662
0.020548
0.0234824
0.0272247
0.0296923
0.0207732
0.0385117
0.0174554
0.0225934
0.0206492
0.0198653
0.0208758
0.0197693
0.0188761
0.022406
0.0194728
0.0258845
0.0198727
0.0328172
0.0167796
0.0281498
0.0173965
0.0220836
0.0193659
0.0254559
0.0200545
0.0213681
0.0207666
0.0198003
0.0204511
0.0196354
0.0228487
0.019975
0.0202935
0.0208476
0.0208359
0.02305
0.0196184
0.0223116
0.0216182
0.0233508
0.0201578
0.0213228
0.0250603
0.021721
0.019524
0.0239389
0.0185672
0.0229025
0.0195343
0.024841
0.0214908
0.0391292
0.0231057
0.0244061
0.0327214
0.0213558
0.0220225
0.0213205
0.0190139
0.0180676
0.0244034
0.0171139
0.0165194
0.0178013
0.0182563
0.0177008
0.0176319
0.0168555
0.0182845
0.0179805
0.0171326
0.0168923
0.0165232
0.0183771
0.0161318
0.0179615
0.0156979
0.0158511
0.0156254
0.0152313
0.0166679
0.0164775
0.0157998
0.0186242
0.0167974
0.0163593
0.019096
0.0156597
0.0177205
0.0202576
0.024627
0.0186536
0.0206074
0.0192479
0.0172872
0.0183752
0.0181474
0.0287954
0.0152479
0.018562
0.0186565
0.0259106
0.0196294
0.0288429
0.0203337
0.0206077
0.0194553
0.0212122
0.0175069
0.0160617
0.0244065
0.0152288
0.02105
0.0164293
0.0155772
0.0205051
0.0179752
0.0281334
0.0219893
0.0172332
0.0187771
0.0196787
0.0170852
0.0167338
0.0199413
0.0166324
0.0252015
0.0182726
0.0182173
0.0188609
0.0188693
0.0190562
0.0162034
0.0192644
0.0189364
0.0201889
0.0184897
0.0239472
0.0205734
0.0192016
0.0189196
0.0179709
0.0189606
0.0168989
0.0218727
0.0188986
0.0184118
0.0177312
0.0222385
0.0184752
0.0179163
0.0209068
0.0175714
0.0222921
0.0185683
0.0177148
0.0185014
0.018535
0.0192978
0.0177962
0.0197165
0.0199498
0.0198741
0.0186761
0.0173315
0.0170722
0.017722
0.0224105
0.0177759
0.0244368
0.0173785
0.0165675
0.0161859
0.0175167
0.0195615
0.0175471
0.0155854
0.0179174
0.0151823
0.01883
0.018893
0.0145151
0.0173421
0.0144092
0.0185632
0.0158291
0.0134594
0.0159168
0.014653
0.0136329
0.0151707
0.0149199
0.0134049
0.0176523
0.0148589
0.0187649
0.0155319
0.0159433
0.0182219
0.0154489
0.0242858
0.016097
0.0146017
0.0196225
0.0150484
0.0199455
0.0157125
0.01478
0.0183764
0.017092
0.0221197
0.0164525
0.0155915
0.0202467
0.0161934
0.0185646
0.0155759
0.0151961
0.0204995
0.0164824
0.018066
0.0223822
0.0206183
0.0170856
0.0275902
0.0181947
0.0169442
0.0213739
0.0339987
0.0183334
0.0326991
0.0190477
0.0352191
0.0197571
0.0287678
0.0200995
0.0267738
0.0223722
0.0306318
0.0387654
0.0337213
0.0371403
0.0362543
0.027015
0.0267469
0.0267984
0.0253507
0.0347337
0.0231196
0.0351667
0.0325272
0.0261872
0.0301102
0.0365675
0.0251361
0.0329572
0.0628524
0.030109
0.0271006
0.042019
0.0299272
0.0273868
0.026613
0.0247818
0.0267118
0.0270056
0.0313323
0.0326688
0.0400605
0.0270526
0.0244475
0.0258158
0.0236638
0.0322899
0.0265797
0.0264172
0.0402568
0.0256202
0.0254636
0.0243012
0.0253961
0.0256726
0.0271556
0.0548931
0.0314833
0.039847
0.0236058
0.0261522
0.0250402
0.0257033
0.0238615
0.0328602
0.0392126
0.0239825
0.0368709
0.0421382
0.0458101
0.0286663
0.0349627
0.0272854
0.0264493
0.0263294
0.0384041
0.0382134
0.0261023
0.0306995
0.0489668
0.0448181
0.0329817
0.0352279
0.0358694
0.034371
0.0255947
0.0263765
0.0250987
0.0240306
0.0187464
0.0177591
0.0228003
0.0212436
0.0195217
0.0229115
