# Horizontal Translation, Vertical Translation, Rotation
0.00000,0.50000,1.00000
-0.33007,-0.02568,0.18815
-0.23054,-0.01683,0.15164
-0.21879,-0.01766,0.15536
-0.21166,-0.01701,0.00000
-0.22246,-0.01855,0.15162
-0.21458,-0.01772,0.15387
-0.20617,-0.01166,0.15276
-0.18472,0.03250,0.24299
-0.15231,0.12003,0.29868
-0.11078,0.24830,0.23057
-0.08281,0.44620,0.00000
-0.04532,0.60209,0.00000
-0.01736,0.77772,0.00000
0.01337,1.48551,0.00000
0.02887,1.29995,0.00000
0.03101,1.19442,0.00000
0.03717,1.46512,0.00000
0.03590,1.51505,0.00000
0.03078,1.54315,0.00000
0.03032,1.70701,0.00000
0.02512,1.76285,0.00000
0.01936,1.69659,0.00000
0.01505,1.78606,0.00000
0.01002,1.92914,0.00000
0.00639,1.71671,0.00000
0.00347,1.90922,0.00000
0.00124,2.79755,0.00000
-0.00224,1.88108,0.00000
-0.00331,1.94896,0.00000
-0.00504,1.89606,0.00000
-0.00593,1.83715,0.00000
-0.00770,2.02327,0.00000
-0.00772,1.90074,0.00000
-0.00813,1.90248,0.00000
-0.00985,1.90147,0.00000
-0.00997,1.90279,0.00000
-0.00961,1.77780,0.00000
-0.01227,2.08305,0.00000
-0.01178,1.89858,0.00000
-0.01100,1.89889,0.00000
-0.01122,1.83801,0.00000
-0.01962,2.90928,0.00000
-0.01247,1.89965,0.00000
-0.01384,1.96175,0.00000
-0.01292,1.89895,0.00000
-0.01308,1.89888,0.00000
-0.01362,1.96052,0.00000
-0.01369,1.89944,0.00000
-0.01319,1.83837,0.00000
-0.01306,1.96016,0.00000
-0.01343,2.02035,0.00000
-0.01217,1.83496,0.00000
-0.01308,1.89571,0.00000
-0.01351,1.89618,0.00000
-0.01211,1.89626,0.00000
-0.01789,2.78149,0.00000
-0.01218,2.01920,0.00000
-0.01166,1.83220,0.00000
-0.01175,1.95612,0.00000
-0.01097,1.89138,0.00000
-0.01066,1.89070,0.00000
-0.01085,1.89059,0.00000
-0.00972,1.89146,0.00000
-0.00906,1.89156,0.00000
-0.00916,1.95561,0.00000
-0.00811,1.83187,0.00000
-0.00850,1.95528,0.00000
-0.00856,1.89297,0.00000
-0.00771,2.01584,0.00000
-0.00733,1.83086,0.00000
-0.01118,2.95803,0.00000
-0.00591,1.89119,0.00000
-0.00726,1.82871,0.00000
-0.00784,1.95402,0.00000
-0.00774,1.89325,0.00000
-0.00769,1.89402,0.00000
-0.00772,1.95718,0.00000
-0.00716,1.89756,0.00000
-0.00815,1.89711,0.00000
-0.00723,1.95992,0.00000
-0.00690,1.83638,0.00000
-0.00556,1.89837,0.00000
-0.00611,1.96125,0.00000
-0.00501,1.83714,0.00000
-0.00721,2.90949,0.00000
-0.00393,1.89783,0.00000
-0.00451,1.83663,0.00000
-0.00375,1.96069,0.00000
-0.00283,1.96098,0.00000
-0.00357,1.96069,0.00000
-0.00191,1.83766,0.00000
-0.00177,1.96103,0.00000
-0.00254,2.02163,0.00000
-0.00118,1.77635,0.00000
-0.00080,1.95837,0.00000
-0.00150,1.83195,0.00000
-0.00005,1.89400,0.00000
0.00021,1.89188,0.00000
0.00034,1.95210,0.00000
0.00103,2.89649,0.00000
0.00073,0.88366,0.00000
0.00200,2.83219,0.00000
0.00130,1.95003,0.00000
0.00199,1.82628,0.00000
0.00104,2.01137,0.00000
0.00249,1.82837,0.00000
0.00164,1.88957,0.00000
0.00216,1.88864,0.00000
0.00288,1.82777,0.00000
0.00262,1.95026,0.00000
0.00371,1.88957,0.00000
0.00507,2.83330,0.00000
0.00376,1.94991,0.00000
0.00430,1.88505,0.00000
0.00376,1.82282,0.00000
0.00484,2.06453,0.00000
0.00372,1.82080,0.00000
0.00484,1.81953,0.00000
0.00394,1.87329,0.00000
0.00576,1.92427,0.00000
0.00445,1.68053,0.00000
0.00432,2.04043,0.00000
0.00584,1.92085,0.00000
0.00482,1.86212,0.00000
0.00527,1.98327,0.00000
0.00452,1.72964,0.00000
0.00947,2.81707,0.00000
0.00611,1.84084,0.00000
0.00663,1.90454,0.00000
0.00555,1.79024,0.00000
0.00597,1.97574,0.00000
0.00458,1.85200,0.00000
0.00478,1.77511,0.00000
0.00402,1.87733,0.00000
0.00305,1.81380,0.00000
0.00188,1.87286,0.00000
0.00019,1.81999,0.00000
-0.00027,1.76923,0.00000
0.00019,1.82275,0.00000
-0.00061,1.92265,0.00000
0.00012,1.73243,0.00000
0.00045,2.66175,0.00000
0.00028,1.82508,0.00000
-0.00016,1.77155,0.00000
0.00108,1.71686,0.00000
0.00218,1.93518,0.00000
0.00285,1.69336,0.00000
0.00223,1.73852,0.00000
0.00297,1.78373,0.00000
0.00499,1.72506,0.00000
0.00433,1.67503,0.00000
0.00458,1.77980,0.00000
0.00629,1.76221,0.00000
0.00630,1.64244,0.00000
0.00634,1.68716,0.00000
0.01101,2.52313,0.00000
0.00654,1.68251,0.00000
0.00935,1.72530,0.00000
0.00811,1.65549,0.00000
0.00771,1.58595,0.00000
0.00935,1.67648,0.00000
0.01098,1.66966,0.00000
0.00832,1.56630,0.00000
0.00900,1.66990,0.00000
0.01025,1.61850,0.00000
0.01014,1.55730,0.00000
0.01182,1.68950,0.00000
0.01064,1.57649,0.00000
0.01135,1.56688,0.00000
0.01683,2.39035,0.00000
0.01147,1.54781,0.00000
0.01164,1.51916,0.00000
0.01194,1.44949,0.00000
0.01267,1.51916,0.00000
0.01194,1.45645,0.00000
0.01149,1.48851,0.00000
0.01232,1.42365,0.00000
0.01266,1.40881,0.00000
0.01225,1.39523,0.00000
0.01179,1.43004,0.00000
0.01172,1.29320,0.00000
0.01323,1.45629,0.00000
0.01259,1.36045,0.00000
0.01852,2.02381,0.00000
0.01227,1.33470,0.00000
0.01263,1.36366,0.00000
0.01144,1.27067,0.00000
0.01065,1.26336,0.00000
0.01350,1.37121,0.00000
0.01174,1.28081,0.00000
0.01217,1.27060,0.00000
0.01152,1.25186,0.00000
0.00955,1.23000,0.00000
0.00843,1.25707,0.00000
0.00715,1.21043,0.00000
0.00330,1.16305,0.00000
0.00305,1.22373,0.00000
0.00135,1.20560,0.00000
0.00119,1.67176,0.00000
0.00066,1.16252,0.00000
-0.00156,1.11611,0.00000
-0.00060,1.10639,0.00000
-0.00157,1.13433,0.00000
-0.00186,1.05669,0.00000
-0.00039,1.04258,0.00000
-0.00036,1.12873,0.00000
0.00102,1.05322,0.00000
-0.00065,1.01234,0.00000
0.00132,1.07192,0.00000
0.00146,1.06674,0.00000
0.00242,1.49134,0.00000
0.00334,1.06517,0.00000
0.00493,1.02289,0.00000
0.00375,0.91644,0.00000
0.00695,1.00469,0.00000
0.00700,0.99674,0.00000
0.00683,0.92212,0.00000
0.00685,0.93915,0.00000
0.00806,0.95449,0.00000
0.00855,0.88366,0.00000
0.01055,0.96476,0.00000
0.00925,0.86889,0.00000
0.01051,0.89242,0.00000
0.01072,0.88355,0.00000
0.01760,1.33643,0.00000
0.01210,0.85152,0.00000
0.01200,0.84027,0.00000
0.01308,0.83075,0.00000
0.01351,0.82385,0.00000
0.01394,0.84409,0.00000
0.01375,0.81105,0.00000
0.01326,0.77069,0.00000
0.01504,0.80806,0.00000
0.01488,0.77358,0.00000
0.01558,0.76520,0.00000
0.01709,0.80645,0.00000
0.01583,0.75009,0.00000
0.01400,0.71998,0.00000
0.01691,0.76112,0.00000
0.02325,1.08094,0.00000
0.01527,0.74322,0.00000
0.01514,0.69461,0.00000
0.01713,0.73403,0.00000
0.01601,0.70431,0.00000
0.01627,0.71795,0.00000
0.01596,0.68695,0.00000
0.01571,0.65772,0.00000
0.01634,0.69302,0.00000
0.01570,0.64548,0.00000
0.01694,0.66002,0.00000
0.01686,0.67363,0.00000
0.01579,0.64409,0.00000
0.02761,1.12373,0.00000
0.01205,0.43841,0.00000
0.01628,0.59654,0.00000
0.01820,0.58691,0.00000
0.02062,0.56214,0.00000
0.02509,0.60968,0.00000
0.02502,0.56745,0.00000
0.02594,0.56168,0.00000
0.02604,0.57144,0.00000
0.02296,0.53021,0.00000
0.02279,0.55503,0.00000
0.01869,0.53325,0.00000
0.01529,0.52406,0.00000
0.01316,0.51831,0.00000
0.00859,0.52653,0.00000
0.00868,0.73382,0.00000
0.00202,0.50897,0.00000
-0.00160,0.47264,0.00000
-0.00452,0.49611,0.00000
-0.00591,0.47349,0.00000
-0.01156,0.48467,0.00000
-0.01029,0.44919,0.00000
-0.01581,0.47177,0.00000
-0.01672,0.45340,0.00000
-0.01621,0.43460,0.00000
-0.01523,0.45582,0.00000
-0.01101,0.43726,0.00000
-0.01454,0.63978,0.00000
-0.00848,0.43636,0.00000
-0.00763,0.42067,0.00000
-0.00993,0.40668,0.00000
-0.00947,0.42911,0.00000
-0.00837,0.42884,0.00000
-0.00960,0.40026,0.00000
-0.00850,0.41326,0.00000
-0.00873,0.42351,0.00000
-0.00770,0.40984,0.00000
-0.00829,0.40910,0.00000
-0.00901,0.48139,0.00000
-0.00561,0.35555,0.00000
-0.00699,0.41637,0.00000
-0.00505,0.39972,0.00000
-0.00579,0.38865,0.00000
-0.00765,0.61609,0.00000
-0.00314,0.39720,0.00000
-0.00329,0.38220,0.00000
-0.00453,0.40542,0.00000
-0.00141,0.40383,0.00000
-0.00255,0.37673,0.00000
-0.00016,0.39924,0.00000
-0.00006,0.37388,0.00000
0.00003,0.39396,0.00000
0.00251,0.39292,0.00000
0.00092,0.37902,0.00000
0.00277,0.36500,0.00000
0.00305,0.38574,0.00000
0.00446,0.37278,0.00000
0.00717,0.54941,0.00000
0.00540,0.36742,0.00000
0.00510,0.36325,0.00000
0.00542,0.35797,0.00000
0.00545,0.36302,0.00000
0.00741,0.34985,0.00000
0.00876,0.33292,0.00000
0.00805,0.33888,0.00000
0.00902,0.34421,0.00000
0.00582,0.32711,0.00000
0.00426,0.33138,0.00000
0.00243,0.32322,0.00000
-0.00156,0.29978,0.00000
-0.00567,0.44626,0.00000
-0.00791,0.29401,0.00000
-0.00998,0.28804,0.00000
-0.01440,0.29189,0.00000
-0.01420,0.26956,0.00000
-0.01907,0.27404,0.00000
-0.02096,0.27590,0.00000
-0.02356,0.27174,0.00000
-0.02308,0.25153,0.00000
-0.02764,0.26224,0.00000
-0.02904,0.25803,0.00000
-0.02897,0.23138,0.00000
-0.03057,0.25021,0.00000
-0.03317,0.24615,0.00000
-0.03074,0.22837,0.00000
-0.05194,0.35786,0.16575
-0.03332,0.21895,0.16656
-0.03479,0.22451,0.15685
-0.03680,0.22581,0.17077
-0.03561,0.21735,0.16126
-0.03531,0.21481,0.17144
-0.03570,0.21128,0.17432
-0.03601,0.20965,0.15969
-0.03543,0.20597,0.17593
-0.03738,0.21653,0.16920
-0.03516,0.20121,0.17483
-0.03268,0.18745,0.18009
-0.03569,0.20166,0.16710
-0.03481,0.19971,0.17081
-0.04821,0.27900,0.19466
-0.03370,0.19385,0.18009
-0.03286,0.18807,0.16903
-0.03224,0.18371,0.19421
-0.03308,0.19506,0.18425
-0.03036,0.17847,0.20055
-0.02855,0.16743,0.20031
-0.02943,0.18895,0.18733
-0.02954,0.17545,0.18382
-0.02804,0.17299,0.18486
-0.02821,0.17231,0.18400
-0.02593,0.17044,0.20137
-0.02722,0.16857,0.18501
-0.02461,0.16644,0.20116
-0.03428,0.24584,0.20157
-0.02156,0.16435,0.18771
-0.02037,0.16446,0.16471
-0.01988,0.17037,0.19265
-0.01779,0.15979,0.20089
-0.01768,0.16512,0.17951
-0.01833,0.17048,0.16642
-0.02024,0.16724,0.19943
-0.02483,0.17104,0.21288
-0.03194,0.16532,0.20095
-0.03742,0.15543,0.18450
-0.05073,0.16672,0.25125
-0.05907,0.15128,0.26890
-0.12531,0.19963,0.29631
-0.14978,0.12842,0.29065
-0.22019,0.11429,0.24694
-0.30398,0.10577,0.36863
-0.39205,0.09776,0.44247
-0.48206,0.08917,0.43617
-0.58191,0.08719,0.65971
-0.64146,0.07851,0.72692
-0.70607,0.07671,0.72748
-0.73666,0.07030,0.94081
-0.83127,0.07380,0.92759
-0.86820,0.06922,0.91214
-0.86949,0.05972,0.92598
-0.86336,0.05402,0.91161
-0.90954,0.05129,0.94957
-1.36621,0.07343,1.44477
-0.96022,0.04377,0.98280
-0.93920,0.03973,0.94957
-0.95014,0.04507,0.95140
-0.95550,0.04755,0.94791
-0.98813,0.04304,0.94791
-0.92822,0.03589,1.02626
-0.98629,0.03548,0.94074
-0.95686,0.02939,0.95295
-0.96152,0.02327,0.95099
-0.99441,0.01593,0.94220
-0.95698,0.00858,0.64089
-0.95141,0.00306,0.63792
-1.44582,-0.00274,1.88786
-0.94955,-0.01613,1.37743
-0.82628,-0.02638,0.64548
-0.86249,-0.04118,1.21063
-0.75474,-0.04421,0.63799
-0.74702,-0.04677,0.64548
-0.81795,-0.05238,0.86538
-0.77831,-0.05083,0.64354
-0.76888,-0.04977,0.87832
-0.82918,-0.05962,0.87832
-0.79197,-0.05508,0.64187
-0.83366,-0.05542,0.90613
-0.87391,-0.05636,1.24003
-0.86125,-0.05220,0.64548
-0.86820,-0.05668,1.02540
-1.31038,-0.10005,1.64588
-0.91690,-0.06948,1.03049
-0.89899,-0.07041,1.03654
-0.84820,-0.06941,0.90613
-1.05943,-0.08445,0.95795
-0.89625,-0.06694,0.91350
-1.01794,-0.07790,1.39056
-0.87466,-0.07594,0.91298
-0.93135,-0.07229,1.03049
-0.93677,-0.07323,1.01948
-0.95331,-0.08100,0.87655
-0.92319,-0.08046,0.92024
-1.00485,-0.08581,0.92788
-1.48155,-0.12161,1.29829
-0.40691,-0.03535,0.31026
-0.95201,-0.08122,1.03138
-0.93090,-0.07907,1.22784
-1.37077,-0.12364,1.74096
-0.95533,-0.07677,0.96179
-0.95433,-0.07599,1.38398
-0.90011,-0.07334,0.64375
-0.96145,-0.07839,0.94739
-0.93941,-0.07419,0.95957
-0.91201,-0.07288,0.62557
-0.96918,-0.08203,1.37743
-0.94333,-0.07641,1.01610
-0.89665,-0.07667,0.90536
-1.01057,-0.09082,1.01610
-0.95828,-0.08228,0.95628
-0.96515,-0.07987,1.03138
-1.43519,-0.11703,1.37743
-0.96021,-0.07505,0.93383
-0.95651,-0.07378,0.93383
-0.97576,-0.07788,0.77866
-0.90887,-0.07545,0.77063
-0.97697,-0.08110,0.92201
-0.98753,-0.08275,0.92163
-0.96276,-0.08167,0.91214
-0.93261,-0.07807,0.56798
-0.99274,-0.08317,0.72148
-0.98062,-0.09288,0.87536
-0.93028,-0.08842,0.63829
-0.96900,-0.08693,1.02033
-1.00352,-0.08822,0.71985
-1.42071,-0.13238,1.63375
-0.99673,-0.08572,1.11054
-0.96045,-0.07884,0.91214
-0.95160,-0.07550,0.91298
-0.97681,-0.07688,1.00607
-0.94321,-0.06696,0.91214
-0.93978,-0.06126,0.91214
-0.96267,-0.05550,0.90486
-0.91731,-0.05516,0.63476
-0.87819,-0.05579,0.90536
-0.93114,-0.05502,0.63799
-0.89749,-0.05520,0.63639
-0.89624,-0.05172,0.62941
-0.89370,-0.05717,0.63446
-1.37767,-0.07879,1.25536
-0.87961,-0.05180,0.91214
-0.92141,-0.05057,0.63288
-0.87910,-0.04896,0.63829
-0.86615,-0.04785,0.63829
-0.88663,-0.05436,0.63097
-0.84921,-0.05159,0.96326
-0.79710,-0.05078,0.91298
-0.82600,-0.05088,0.64354
-0.77521,-0.04504,0.64548
-0.72899,-0.04445,0.70563
-0.78164,-0.04797,0.64517
-0.71731,-0.04790,0.64738
-0.70279,-0.04618,0.56971
-0.68981,-0.04745,0.56262
-1.00094,-0.07033,0.76731
-0.66629,-0.04778,0.36532
-0.62815,-0.04580,0.39007
-0.62907,-0.04415,0.36186
-0.57602,-0.03934,0.38944
-0.57714,-0.03872,0.40828
-0.57962,-0.03730,0.36043
-0.52815,-0.03629,0.39177
-0.52827,-0.03551,0.32004
-0.52849,-0.03798,0.32357
-0.51548,-0.03827,0.32357
-0.47365,-0.03484,0.32357
-0.49308,-0.03808,0.38944
-0.67871,-0.04755,0.36588
-0.46029,-0.03314,0.38944
-0.43407,-0.03160,0.38778
-0.42248,-0.03040,0.40875
-0.39864,-0.02808,0.39105
-0.43827,-0.03009,0.39342
-0.36400,-0.02574,0.38551
-0.37704,-0.02823,0.38212
-0.38971,-0.03006,0.39502
-0.34530,-0.02704,0.31441
-0.34917,-0.02783,0.31631
-0.34059,-0.02889,0.31185
-0.33234,-0.02706,0.19116
-0.47452,-0.03888,0.39342
-0.33273,-0.02903,0.30662
-0.30495,-0.02603,0.18985
-0.28953,-0.02478,0.19373
-0.29362,-0.02432,0.19488
-0.29469,-0.02515,0.19488
-0.28904,-0.02640,0.19094
-0.27404,-0.02306,0.19178
-0.23513,-0.02255,0.15536
-0.28688,-0.02518,0.19571
-0.25688,-0.02237,0.19403
-0.26195,-0.02468,0.19488
-0.24781,-0.02420,0.15812
-0.24327,-0.02238,0.15580
-0.35848,-0.03513,0.39007
-0.24146,-0.02294,0.15387
-0.22178,-0.02280,0.15650
-0.23657,-0.02307,0.15387
-0.21592,-0.02256,0.15615
-0.22859,-0.02366,0.15275
-0.21306,-0.02083,0.15351
-0.23059,-0.02451,0.15351
-0.21431,-0.02432,0.15164
-0.19910,-0.02122,0.15465
-0.21633,-0.01178,0.00000
-0.17965,0.03715,0.22723
-0.14651,0.13811,0.30522
-0.11163,0.29114,0.22846
-0.08689,0.72367,0.00000
-0.01897,0.71021,0.00000
0.00576,0.94779,0.00000
0.02164,1.06010,0.00000
0.03186,1.16413,0.00000
0.03942,1.36550,0.00000
0.03989,1.43010,0.00000
0.03691,1.47241,0.00000
0.03497,1.64107,0.00000
0.02953,1.65525,0.00000
0.02526,1.70670,0.00000
0.02122,1.74767,0.00000
0.01648,1.84006,0.00000
0.01619,2.66414,0.00000
0.00734,1.95937,0.00000
0.00434,1.85332,0.00000
0.00145,1.86381,0.00000
0.00088,1.87387,0.00000
-0.00153,1.94250,0.00000
-0.00151,1.82475,0.00000
-0.00290,1.94899,0.00000
-0.00354,1.88860,0.00000
-0.00414,1.82929,0.00000
-0.00533,1.95374,0.00000
-0.00569,1.89469,0.00000
-0.00627,1.89493,0.00000
-0.00525,1.89512,0.00000
-0.00929,2.84105,0.00000
-0.00788,1.89533,0.00000
-0.00805,1.95694,0.00000
-0.00795,1.89779,0.00000
-0.00845,1.89898,0.00000
-0.00897,1.89991,0.00000
-0.00905,1.96175,0.00000
-0.00839,1.83727,0.00000
-0.00896,1.89949,0.00000
-0.00929,1.96012,0.00000
-0.00936,1.83773,0.00000
-0.00988,2.02279,0.00000
-0.00837,1.83789,0.00000
-0.00862,1.89869,0.00000
-0.01429,2.90634,0.00000
-0.00940,1.95909,0.00000
-0.00862,1.83703,0.00000
-0.00889,1.95831,0.00000
-0.00851,1.89720,0.00000
-0.00861,1.89845,0.00000
-0.00696,1.83671,0.00000
-0.00849,2.02164,0.00000
-0.00635,1.83686,0.00000
-0.00829,1.96147,0.00000
-0.00725,1.90071,0.00000
-0.00659,1.83945,0.00000
-0.00765,1.90231,0.00000
-0.00646,1.90390,0.00000
-0.00976,2.91523,0.00000
-0.00552,1.96195,0.00000
-0.00511,1.89827,0.00000
-0.00536,1.89754,0.00000
-0.00468,1.89778,0.00000
-0.00444,1.96059,0.00000
-0.00395,1.83686,0.00000
-0.00433,1.96147,0.00000
-0.00360,1.90012,0.00000
-0.00236,1.77860,0.00000
-0.00344,2.02359,0.00000
-0.00228,1.89944,0.00000
-0.00169,1.89764,0.00000
-0.00297,2.84413,0.00000
-0.00173,1.95633,0.00000
-0.00096,1.83299,0.00000
-0.00089,2.01775,0.00000
-0.00083,1.89356,0.00000
-0.00122,1.89298,0.00000
-0.00016,1.95369,0.00000
-0.00076,1.83020,0.00000
0.00003,1.89261,0.00000
0.00033,1.89349,0.00000
0.00063,1.89600,0.00000
0.00030,1.89611,0.00000
0.00059,1.95791,0.00000
0.00100,1.89678,0.00000
0.00226,2.84381,0.00000
0.00183,1.83450,0.00000
0.00110,1.95604,0.00000
0.00160,1.89215,0.00000
0.00177,1.95192,0.00000
0.00132,1.82936,0.00000
0.00120,1.89005,0.00000
0.00147,1.88906,0.00000
0.00170,1.94955,0.00000
0.00126,1.88624,0.00000
0.00170,1.88556,0.00000
0.00180,1.88571,0.00000
0.00169,1.88427,0.00000
0.00342,2.88555,0.00000
0.00156,0.94186,0.00000
0.00344,2.06395,0.00000
0.00377,2.82495,0.00000
0.00239,1.88520,0.00000
0.00247,1.88774,0.00000
0.00287,1.88886,0.00000
0.00321,1.88860,0.00000
0.00344,1.88854,0.00000
0.00259,1.88993,0.00000
0.00138,1.95276,0.00000
0.00229,1.89029,0.00000
0.00120,1.95044,0.00000
0.00212,1.82773,0.00000
0.00119,1.88773,0.00000
0.00164,1.94830,0.00000
0.00344,2.82881,0.00000
0.00116,1.82452,0.00000
0.00289,2.00883,0.00000
0.00215,1.88357,0.00000
0.00251,1.88255,0.00000
0.00292,1.88108,0.00000
0.00298,1.88218,0.00000
0.00325,1.82035,0.00000
0.00353,1.94112,0.00000
0.00413,1.87847,0.00000
0.00274,1.81587,0.00000
0.00426,1.93637,0.00000
0.00383,1.87476,0.00000
0.00401,1.87400,0.00000
0.00626,2.86971,0.00000
0.00468,1.99595,0.00000
0.00469,1.81507,0.00000
0.00541,1.87536,0.00000
0.00523,1.87582,0.00000
0.00519,1.87713,0.00000
0.00582,1.87679,0.00000
0.00549,1.87468,0.00000
0.00544,1.93281,0.00000
0.00563,1.86998,0.00000
0.00496,1.86977,0.00000
0.00454,1.87111,0.00000
0.00630,1.93299,0.00000
0.00510,1.87326,0.00000
0.00813,2.74833,0.00000
0.00588,1.93406,0.00000
0.00650,1.93493,0.00000
0.00599,1.81273,0.00000
0.00617,1.81212,0.00000
0.00576,1.93450,0.00000
0.00655,1.87382,0.00000
0.00583,1.93477,0.00000
0.00628,1.87469,0.00000
0.00644,1.81466,0.00000
0.00567,1.93627,0.00000
0.00693,1.93497,0.00000
0.00667,1.93666,0.00000
0.00672,1.81477,0.00000
0.00897,2.81040,0.00000
0.00720,1.87338,0.00000
0.00656,1.93289,0.00000
0.00704,1.87114,0.00000
0.00749,1.81076,0.00000
0.00650,1.99101,0.00000
0.00631,1.87081,0.00000
0.00710,1.80941,0.00000
0.00560,1.93033,0.00000
0.00609,1.87061,0.00000
0.00569,1.81099,0.00000
0.00571,1.93138,0.00000
0.00470,1.86974,0.00000
0.00763,2.80581,0.00000
0.00336,1.86973,0.00000
0.00430,1.86863,0.00000
0.00342,1.86620,0.00000
0.00358,1.92728,0.00000
0.00439,1.86526,0.00000
0.00421,1.86597,0.00000
0.00487,1.86638,0.00000
0.00435,1.86731,0.00000
0.00560,1.86756,0.00000
0.00486,1.86869,0.00000
0.00512,1.86883,0.00000
0.00507,1.92878,0.00000
0.00795,2.80006,0.00000
0.00467,1.92727,0.00000
0.00617,1.80611,0.00000
0.00576,1.92740,0.00000
0.00618,1.86700,0.00000
0.00571,1.80701,0.00000
0.00702,1.98831,0.00000
0.00615,1.86674,0.00000
0.00523,1.80684,0.00000
0.00645,1.92682,0.00000
0.00697,1.86601,0.00000
0.00604,1.80338,0.00000
0.00723,1.92254,0.00000
0.00691,1.92100,0.00000
0.01005,2.72935,0.00000
0.00659,1.85865,0.00000
0.00754,1.85982,0.00000
0.00610,1.85710,0.00000
0.00642,1.85663,0.00000
0.00587,1.91716,0.00000
0.00688,1.91776,0.00000
0.00690,1.79487,0.00000
0.00569,1.91689,0.00000
0.00591,1.79745,0.00000
0.00662,1.91527,0.00000
0.00631,1.85539,0.00000
0.00597,1.85595,0.00000
0.00635,1.91631,0.00000
0.01091,2.78378,0.00000
0.00678,1.85456,0.00000
0.00556,1.91534,0.00000
0.00625,1.85426,0.00000
0.00681,1.79319,0.00000
0.00663,1.91373,0.00000
0.00687,1.85272,0.00000
0.00698,1.85467,0.00000
0.00645,1.85363,0.00000
0.00639,1.85393,0.00000
0.00684,1.85221,0.00000
0.00692,1.91290,0.00000
0.00745,1.85265,0.00000
0.00663,1.85237,0.00000
0.00696,1.85054,0.00000
0.01008,2.77322,0.00000
0.00534,1.90943,0.00000
0.00547,1.84683,0.00000
0.00353,1.78675,0.00000
0.00462,1.90659,0.00000
0.00384,1.84485,0.00000
0.00503,1.90462,0.00000
0.00321,1.78382,0.00000
0.00401,1.90465,0.00000
0.00423,1.90334,0.00000
0.00352,1.78446,0.00000
0.00438,1.84454,0.00000
0.00352,1.90500,0.00000
0.00640,2.70426,0.00000
0.00422,1.90201,0.00000
0.00465,1.84346,0.00000
0.00511,1.84519,0.00000
0.00481,1.96604,0.00000
0.00439,1.72831,0.00000
0.00512,1.84773,0.00000
0.00525,1.90895,0.00000
0.00539,1.84955,0.00000
0.00527,1.84957,0.00000
0.00509,1.85080,0.00000
0.00626,1.85025,0.00000
0.00595,1.91075,0.00000
0.00831,2.77487,0.00000
0.00549,1.84977,0.00000
0.00596,1.90945,0.00000
0.00592,1.79011,0.00000
0.00621,1.90886,0.00000
0.00451,1.84716,0.00000
0.00671,1.84605,0.00000
0.00597,1.84388,0.00000
0.00650,1.84219,0.00000
0.00648,1.90198,0.00000
0.00590,1.84051,0.00000
0.00605,1.78197,0.00000
0.00580,1.90129,0.00000
0.00537,1.84301,0.00000
0.00865,2.76470,0.00000
0.00601,1.84553,0.00000
0.00573,1.96717,0.00000
0.00572,1.79018,0.00000
0.00475,1.73118,0.00000
0.00700,2.02843,0.00000
0.00705,1.84992,0.00000
0.00600,1.84885,0.00000
0.00524,1.84821,0.00000
0.00591,1.84871,0.00000
0.00551,1.91029,0.00000
0.00591,1.78978,0.00000
0.00590,1.91148,0.00000
0.00567,1.84976,0.00000
0.00669,1.84886,0.00000
0.00804,2.77015,0.00000
0.00544,1.90925,0.00000
0.00497,1.84928,0.00000
0.00520,1.78992,0.00000
0.00412,1.84987,0.00000
0.00513,1.91050,0.00000
0.00437,1.85070,0.00000
0.00443,1.90994,0.00000
0.00361,1.84828,0.00000
0.00325,1.79120,0.00000
0.00400,1.85180,0.00000
0.00318,1.85163,0.00000
0.00504,2.77712,0.00000
0.00240,1.91223,0.00000
0.00345,1.85276,0.00000
0.00294,1.85310,0.00000
0.00354,1.85335,0.00000
0.00349,1.91215,0.00000
0.00304,1.79207,0.00000
0.00434,1.91175,0.00000
0.00343,1.85186,0.00000
0.00309,1.79234,0.00000
0.00482,1.97252,0.00000
0.00364,1.79191,0.00000
0.00420,1.79144,0.00000
0.00441,1.97059,0.00000
0.00669,2.71438,0.00000
0.00445,1.84980,0.00000
0.00456,2.03130,0.00000
0.00447,1.79388,0.00000
0.00373,1.79431,0.00000
0.00516,1.91563,0.00000
0.00451,1.85468,0.00000
0.00506,1.85521,0.00000
0.00417,1.91435,0.00000
0.00406,1.85468,0.00000
0.00457,1.79582,0.00000
0.00476,1.91685,0.00000
0.00423,1.85673,0.00000
0.00480,1.85624,0.00000
0.00799,2.84232,0.00000
0.00517,1.85426,0.00000
0.00453,1.79384,0.00000
0.00452,1.91534,0.00000
0.00486,1.85424,0.00000
0.00521,1.85084,0.00000
0.00508,1.90825,0.00000
0.00488,1.84767,0.00000
0.00501,1.78812,0.00000
0.00507,1.90796,0.00000
0.00534,1.90875,0.00000
0.00545,1.78858,0.00000
0.00443,1.90821,0.00000
0.00434,1.84947,0.00000
0.00708,2.71635,0.00000
0.00471,1.85287,0.00000
0.00472,1.85494,0.00000
0.00484,1.84936,0.00000
0.00526,2.07886,0.00000
0.00485,1.72090,0.00000
0.00423,1.77820,0.00000
0.00497,1.83777,0.00000
0.00557,1.90062,0.00000
0.00301,1.78451,0.00000
0.00609,2.02288,0.00000
0.00509,2.01047,0.00000
0.00328,1.59699,0.00000
0.00320,1.82556,0.00000
0.00314,2.68342,0.00000
0.00220,1.89036,0.00000
0.00224,1.83698,0.00000
0.00154,1.95457,0.00000
0.00254,1.70209,0.00000
0.00195,1.84405,0.00000
0.00178,1.76857,0.00000
0.00245,1.76329,0.00000
0.00200,1.81815,0.00000
0.00250,1.70743,0.00000
0.00184,1.70411,0.00000
0.00065,1.85229,0.00000
0.00252,1.78476,0.00000
0.00475,2.53861,0.00000
0.00274,1.73158,0.00000
0.00413,1.73338,0.00000
0.00328,1.73487,0.00000
0.00327,1.67726,0.00000
0.00487,1.76630,0.00000
0.00333,1.69459,0.00000
0.00409,1.73706,0.00000
0.00389,1.67737,0.00000
0.00390,1.67275,0.00000
0.00431,1.66682,0.00000
0.00399,1.66851,0.00000
0.00388,1.64919,0.00000
0.00516,1.62107,0.00000
0.00639,2.39535,0.00000
0.00423,1.58398,0.00000
0.00606,1.63672,0.00000
0.00312,1.58991,0.00000
0.00504,1.53017,0.00000
0.00561,1.65690,0.00000
0.00530,1.49644,0.00000
0.00438,1.53193,0.00000
0.00500,1.52860,0.00000
0.00465,1.56980,0.00000
0.00476,1.47254,0.00000
0.00587,1.56809,0.00000
0.00387,1.55281,0.00000
0.00828,2.18811,0.00000
0.00466,1.56162,0.00000
0.00497,1.46123,0.00000
0.00559,1.41493,0.00000
0.00437,1.41212,0.00000
0.00545,1.52908,0.00000
0.00432,1.42139,0.00000
0.00515,1.49250,0.00000
0.00573,1.39823,0.00000
0.00608,1.42922,0.00000
0.00524,1.37452,0.00000
0.00457,1.40800,0.00000
0.00562,1.26549,0.00000
0.00482,1.36725,0.00000
0.00526,1.35250,0.00000
0.00556,1.30028,0.00000
0.00663,1.87854,0.00000
0.00433,1.29809,0.00000
0.00420,1.24195,0.00000
0.00394,1.25889,0.00000
0.00209,1.17071,0.00000
0.00253,1.19630,0.00000
0.00221,1.18856,0.00000
0.00075,1.24395,0.00000
0.00203,1.11972,0.00000
0.00043,1.17307,0.00000
0.00168,1.12510,0.00000
0.00110,1.08285,0.00000
-0.00015,1.14651,0.00000
0.00092,1.64610,0.00000
0.00061,1.06018,0.00000
0.00049,1.15000,0.00000
0.00100,1.06753,0.00000
0.00166,1.02186,0.00000
0.00181,1.10974,0.00000
0.00179,1.03477,0.00000
0.00186,0.99472,0.00000
0.00159,1.05133,0.00000
0.00201,1.03701,0.00000
0.00210,0.95760,0.00000
0.00225,1.00793,0.00000
0.00327,0.96638,0.00000
0.00315,0.95636,0.00000
0.00291,0.94969,0.00000
0.00644,1.40378,0.00000
0.00390,0.91834,0.00000
0.00326,0.90833,0.00000
0.00400,0.92905,0.00000
0.00326,0.88826,0.00000
0.00371,0.86852,0.00000
0.00347,0.88292,0.00000
0.00464,0.81478,0.00000
0.00492,0.85863,0.00000
0.00363,0.82340,0.00000
0.00475,0.79087,0.00000
0.00523,0.83931,0.00000
0.00512,0.80810,0.00000
0.00452,0.80085,0.00000
0.00775,1.24626,0.00000
0.00571,0.75548,0.00000
0.00453,0.74876,0.00000
0.00429,0.78956,0.00000
0.00489,0.75749,0.00000
0.00520,0.74883,0.00000
0.00537,0.74181,0.00000
0.00428,0.75862,0.00000
0.00462,0.72830,0.00000
0.00481,0.72096,0.00000
0.00601,0.71520,0.00000
0.00467,0.70883,0.00000
0.00495,0.72371,0.00000
0.00435,0.69563,0.00000
0.00606,0.73393,0.00000
0.00482,0.70456,0.00000
0.00721,1.00569,0.00000
0.00563,0.66978,0.00000
0.00381,0.68153,0.00000
0.00483,0.65270,0.00000
0.00359,0.64680,0.00000
0.00304,0.66168,0.00000
0.00157,0.63824,0.00000
0.00126,0.63258,0.00000
0.00068,0.62623,0.00000
-0.00048,0.62059,0.00000
0.00055,0.61376,0.00000
-0.00150,0.62840,0.00000
-0.00186,0.60434,0.00000
-0.00398,0.88337,0.00000
-0.00288,0.61432,0.00000
-0.00373,0.59106,0.00000
-0.00325,0.60343,0.00000
-0.00306,0.57901,0.00000
-0.00345,0.57528,0.00000
-0.00299,0.58756,0.00000
-0.00291,0.54680,0.00000
-0.00339,0.55876,0.00000
-0.00278,0.55296,0.00000
-0.00200,0.56295,0.00000
-0.00224,0.55823,0.00000
-0.00207,0.52088,0.00000
-0.00146,0.54889,0.00000
-0.00216,0.54512,0.00000
-0.00164,0.55653,0.00000
-0.00285,0.77432,0.00000
0.00004,0.49692,0.00000
-0.00124,0.50913,0.00000
0.00075,0.51809,0.00000
-0.00041,0.50070,0.00000
0.00039,0.51136,0.00000
0.00081,0.47837,0.00000
0.00002,0.50392,0.00000
0.00211,0.50036,0.00000
0.00098,0.46505,0.00000
0.00239,0.47683,0.00000
0.00083,0.47201,0.00000
0.00328,0.48267,0.00000
0.00177,0.46336,0.00000
0.00346,0.66997,0.00000
0.00339,0.46701,0.00000
0.00339,0.47811,0.00000
0.00308,0.43231,0.00000
0.00359,0.45686,0.00000
0.00428,0.43827,0.00000
0.00324,0.43503,0.00000
0.00472,0.43031,0.00000
0.00431,0.42676,0.00000
0.00494,0.42352,0.00000
0.00393,0.43249,0.00000
0.00535,0.41575,0.00000
0.00486,0.41273,0.00000
0.00506,0.40830,0.00000
0.00591,0.40436,0.00000
0.00656,0.59447,0.00000
0.00646,0.40933,0.00000
0.00413,0.40606,0.00000
0.00645,0.38007,0.00000
0.00526,0.41088,0.00000
0.00379,0.38340,0.00000
0.00374,0.36986,0.00000
0.00347,0.38802,0.00000
0.00212,0.37567,0.00000
-0.00048,0.37220,0.00000
-0.00102,0.36820,0.00000
-0.00259,0.36600,0.00000
-0.00285,0.35319,0.00000
-0.00449,0.41275,0.00000
-0.00552,0.34684,0.00000
-0.01033,0.50249,0.00000
-0.00747,0.37160,0.00000
-0.00789,0.35539,0.00000
-0.00851,0.33355,0.00000
-0.00910,0.35158,0.00000
-0.00914,0.33724,0.00000
-0.00895,0.32696,0.00000
-0.01094,0.35252,0.00000
-0.00994,0.33023,0.00000
-0.00872,0.31764,0.00000
-0.01146,0.33396,0.00000
-0.01035,0.32305,0.00000
-0.00862,0.31002,0.00000
-0.01134,0.32589,0.00000
-0.01139,0.32631,0.00000
-0.00973,0.33167,0.00000
-0.01034,0.31989,0.00000
-0.01526,0.45733,0.00000
-0.00914,0.29632,0.00000
-0.01034,0.31221,0.00000
-0.00917,0.30108,0.00000
-0.00868,0.28984,0.00000
-0.00973,0.30656,0.00000
-0.00977,0.30324,0.00000
-0.00785,0.28385,0.00000
-0.00830,0.30089,0.00000
-0.00820,0.28883,0.00000
-0.00730,0.27883,0.00000
-0.00709,0.30196,0.00000
-0.00767,0.28293,0.00000
-0.00618,0.27324,0.00000
-0.00918,0.43055,0.00000
-0.00561,0.27581,0.00000
-0.00493,0.26670,0.00000
-0.00501,0.27409,0.00000
-0.00353,0.28792,0.00000
-0.00505,0.26066,0.00000
-0.00406,0.27672,0.00000
-0.00162,0.26614,0.00000
-0.00325,0.26516,0.00000
-0.00249,0.26298,0.00000
-0.00219,0.26017,0.00000
-0.00224,0.25250,0.00000
-0.00034,0.27475,0.00000
-0.00035,0.25733,0.00000
-0.00223,0.36996,0.00000
0.00021,0.25449,0.00000
0.00125,0.25243,0.00000
-0.00028,0.25737,0.00000
-0.00056,0.24101,0.00000
0.00041,0.25469,0.00000
-0.00362,0.24542,0.00000
-0.00492,0.24106,0.00000
-0.00965,0.24512,0.00000
-0.01413,0.21748,0.00000
-0.02383,0.24567,0.00000
-0.02923,0.21999,0.00000
-0.03560,0.20606,0.00000
-0.06911,0.30992,0.15711
-0.05337,0.19695,0.15541
-0.06009,0.19052,0.21772
-0.06779,0.18511,0.22674
-0.07252,0.17888,0.19768
-0.07946,0.17318,0.24807
-0.08403,0.16916,0.25320
-0.09026,0.16961,0.25886
-0.09138,0.15943,0.26800
-0.09275,0.15209,0.27168
-0.09779,0.15260,0.27700
-0.10000,0.14936,0.28109
-0.10867,0.15496,0.27479
-0.10686,0.14608,0.28688
-0.15190,0.19784,0.28767
-0.10606,0.13486,0.29662
-0.10656,0.13205,0.29125
-0.11044,0.13323,0.30297
-0.10525,0.12186,0.29601
-0.11286,0.13280,0.30297
-0.10988,0.12482,0.30684
-0.10225,0.11644,0.30047
-0.10408,0.11734,0.30970
-0.10101,0.11303,0.30678
-0.10507,0.11600,0.31212
-0.10066,0.11214,0.31350
-0.10019,0.10931,0.31256
-0.10084,0.11141,0.31157
-0.14503,0.15895,0.31153
-0.09382,0.10306,0.31050
-0.09307,0.10240,0.24035
-0.09374,0.10351,0.31236
-0.09053,0.09889,0.31186
-0.08833,0.09824,0.31212
-0.08586,0.09544,0.30877
-0.08221,0.09299,0.31352
-0.08586,0.09624,0.31552
-0.08496,0.09460,0.31273
-0.07741,0.08836,0.31590
-0.07825,0.09049,0.30900
-0.07680,0.08867,0.30203
-0.07833,0.09052,0.29687
-0.11053,0.12851,0.30571
-0.07543,0.08850,0.31661
-0.07056,0.08413,0.31062
-0.06528,0.07709,0.31384
-0.07118,0.08480,0.30545
-0.06963,0.08405,0.24540
-0.06590,0.08105,0.31377
-0.06500,0.07956,0.31270
-0.06504,0.08256,0.31430
-0.06755,0.08078,0.24035
-0.08926,0.08439,0.23494
-0.12908,0.08414,0.26654
-0.21657,0.09084,0.20836
-0.45414,0.11842,0.46828
-0.42031,0.07355,0.44399
-0.51084,0.06712,0.51197
-0.59351,0.05749,0.66344
-0.67137,0.05027,0.72799
-0.75990,0.04189,0.91991
-0.82056,0.03201,0.93409
-0.80308,0.01941,0.91260
-0.87373,0.01094,0.91161
-0.86601,0.00042,0.62780
-0.88679,-0.00531,0.91902
-0.88137,-0.00842,0.91214
-0.92568,-0.00901,0.91214
-1.43825,-0.01436,1.62115
-0.96887,-0.01623,0.91214
-0.95307,-0.01440,0.91161
-1.02572,-0.01779,1.01031
-0.96770,-0.01679,0.63288
-1.06164,-0.01843,1.01031
-0.97383,-0.02219,1.02033
-1.03931,-0.02435,0.94591
-1.02162,-0.02984,1.37432
-1.02105,-0.03767,0.95295
-1.02354,-0.04342,1.11189
-1.05119,-0.04851,0.96017
-0.99001,-0.03983,0.95848
-1.01603,-0.04282,0.95316
-1.50481,-0.06854,1.63342
-1.02870,-0.05103,1.13196
-1.02833,-0.04949,0.94739
-0.96998,-0.04295,0.96017
-1.03364,-0.04203,1.39056
-1.00746,-0.03813,0.96495
-1.00619,-0.03957,0.96703
-0.97818,-0.03988,0.96495
-1.04550,-0.04542,0.95795
-1.01059,-0.04761,0.96906
-1.01210,-0.04599,0.96906
-0.99954,-0.04547,0.95295
-1.05461,-0.04463,0.96179
-1.42754,-0.06380,1.28347
-1.04992,-0.04956,0.95644
-1.01489,-0.05215,1.39718
-0.99141,-0.05264,1.39056
-0.99239,-0.05131,0.96720
-0.99224,-0.05123,0.96874
-0.98726,-0.04630,0.95644
-1.01392,-0.04276,1.39056
-0.97867,-0.03831,0.96070
-0.94421,-0.03954,1.11189
-1.03296,-0.04852,1.38893
-0.97459,-0.04583,0.95295
-0.91547,-0.04386,0.63995
-1.01162,-0.04652,1.37743
-1.01541,-0.05113,0.94220
-1.46881,-0.06821,1.26926
-0.98272,-0.04264,0.95115
-0.98695,-0.03923,0.96179
-0.95616,-0.03795,0.97292
-1.05299,-0.04028,1.37743
-0.99699,-0.03862,0.96017
-1.00052,-0.03467,1.12001
-1.03198,-0.04001,1.11054
-0.97249,-0.03552,1.24003
-1.03588,-0.03383,1.38077
-0.97406,-0.03531,0.91260
-1.01973,-0.02740,1.39615
-1.01147,-0.03469,1.11054
-1.07580,-0.03495,1.37589
-1.47084,-0.03978,1.62108
-1.01066,-0.02773,0.92201
-1.04696,-0.03093,1.36302
-1.01968,-0.02566,1.01031
-1.02297,-0.02197,1.01031
-1.02646,-0.01671,0.92163
-1.06479,-0.01549,1.36302
-0.99962,-0.00961,0.71582
-1.08622,-0.01251,0.92163
-0.98247,-0.01401,0.91161
-1.10562,-0.01430,1.37093
-1.01587,-0.02094,0.90486
-1.02039,-0.02564,0.62948
-1.01972,-0.02551,0.91161
-1.01306,-0.02076,0.62948
-1.06281,-0.01866,1.10751
-1.40192,-0.02054,1.63366
-0.98611,-0.02375,0.91214
-0.98639,-0.02479,0.63829
-0.92825,-0.02293,0.90486
-0.99286,-0.02067,0.62928
-0.98716,-0.01244,0.91260
-0.91467,-0.01036,0.87653
-0.96799,-0.00611,0.91161
-0.89840,-0.00659,0.90361
-0.92181,-0.00961,0.90486
-0.94810,-0.01306,0.91951
-0.91534,-0.01805,0.63476
-0.87612,-0.01768,0.87578
-1.34839,-0.01898,0.93462
-0.88947,-0.01632,0.62072
-0.82710,-0.01622,0.62072
-0.84543,-0.01229,0.62597
-0.86370,-0.01120,0.62941
-0.82037,-0.00749,0.90287
-0.79869,-0.01083,0.91161
-0.75216,-0.00918,0.86342
-0.77922,-0.00956,0.62941
-0.73579,-0.01016,0.36104
-0.73902,-0.01052,0.35822
-0.70215,-0.00922,0.35901
-0.70157,-0.00961,0.56262
-0.64183,-0.01045,0.35963
-0.93685,-0.01772,0.63639
-0.65484,-0.01653,0.35682
-0.61795,-0.01528,0.38511
-0.56579,-0.01765,0.38282
-0.58436,-0.01744,0.67150
-0.55183,-0.01848,0.38682
-0.51930,-0.01545,0.38682
-0.53872,-0.01795,0.66054
-0.52704,-0.01636,0.38651
-0.48409,-0.01736,0.39007
-0.50016,-0.01682,0.31643
-0.47192,-0.01570,0.31827
-0.44502,-0.01738,0.38651
-0.46045,-0.01827,0.31651
-0.64884,-0.02234,0.31827
-0.41837,-0.01616,0.40240
-0.40884,-0.01558,0.31643
-0.39777,-0.01405,0.38832
-0.39786,-0.01303,0.31819
-0.37558,-0.01465,0.31469
-0.36597,-0.01245,0.19809
-0.35705,-0.01338,0.19517
-0.34859,-0.01224,0.30580
-0.34970,-0.01343,0.31806
-0.31080,-0.01306,0.00000
-0.34446,-0.01335,0.30802
-0.30657,-0.01384,0.00000
-0.31939,-0.01486,0.19290
-0.44988,-0.01852,0.31469
-0.33682,-0.01531,0.19809
-0.24108,-0.01143,0.15164
-0.27937,-0.01261,0.19488
-0.28200,-0.01319,0.18931
-0.26828,-0.01282,0.19204
-0.26103,-0.01182,0.19427
-0.25740,-0.01201,0.19315
-0.25247,-0.01203,0.19025
-0.25580,-0.01251,0.19131
-0.24360,-0.01066,0.15016
-0.23911,-0.01230,0.15201
-0.22819,-0.01077,0.14944
-0.24641,-0.01187,0.15201
-0.32757,-0.01682,0.19403
-0.23183,-0.01217,0.15275
-0.22888,-0.01255,0.15311
-0.22069,-0.01120,0.15162
-0.21000,-0.01248,0.00000
-0.21626,-0.01092,0.15053
-0.22598,-0.01280,0.15239
-0.20790,-0.01127,0.15390
-0.19398,0.00818,0.15474
-0.16260,0.07169,0.24844
-0.12875,0.18383,0.28050
-0.09274,0.33552,0.16364
-0.06117,0.50453,0.00000
-0.03739,1.09226,0.00000
0.00372,0.97366,0.00000
0.01688,1.06730,0.00000
0.02805,1.27754,0.00000
0.03036,1.36122,0.00000
0.03010,1.46111,0.00000
0.02950,1.59546,0.00000
0.02341,1.57005,0.00000
0.02140,1.67850,0.00000
0.01494,1.72459,0.00000
0.01186,1.87849,0.00000
0.00783,1.68117,0.00000
0.00507,1.87722,0.00000
0.00095,1.89890,0.00000
-0.00252,2.72587,0.00000
-0.00494,1.99181,0.00000
-0.00580,1.81790,0.00000
-0.00734,1.82025,0.00000
-0.00913,2.00630,0.00000
-0.00964,1.94994,0.00000
-0.00976,1.82853,0.00000
-0.01100,1.95293,0.00000
-0.01266,1.95482,0.00000
-0.01187,1.83170,0.00000
-0.01314,1.89559,0.00000
-0.01302,1.89667,0.00000
-0.01364,1.89769,0.00000
-0.01396,1.89842,0.00000
-0.01500,1.95945,0.00000
-0.02109,2.78152,0.00000
-0.01453,2.01777,0.00000
-0.01464,1.83179,0.00000
-0.01531,1.89468,0.00000
-0.01578,2.01801,0.00000
-0.01438,1.83375,0.00000
-0.01584,1.89640,0.00000
-0.01462,1.89845,0.00000
-0.01499,1.89902,0.00000
-0.01517,1.83789,0.00000
-0.01528,2.02121,0.00000
-0.01456,1.83688,0.00000
-0.01477,1.95929,0.00000
-0.02139,2.90688,0.00000
-0.01436,1.95756,0.00000
-0.01183,1.77534,0.00000
-0.01401,2.01893,0.00000
-0.01295,1.89709,0.00000
-0.01241,1.83699,0.00000
-0.01238,1.89611,0.00000
-0.01216,2.01902,0.00000
-0.01124,1.83616,0.00000
-0.01164,1.89812,0.00000
-0.01095,1.96072,0.00000
-0.01061,1.83650,0.00000
-0.00984,1.95929,0.00000
-0.01079,1.89637,0.00000
-0.01642,2.84019,0.00000
-0.01091,1.89626,0.00000
-0.01067,2.01914,0.00000
-0.01012,1.83617,0.00000
-0.00905,1.96125,0.00000
-0.00895,1.90063,0.00000
-0.00849,1.84016,0.00000
-0.00790,1.96322,0.00000
-0.00768,1.96275,0.00000
-0.00662,1.77806,0.00000
-0.00681,1.89908,0.00000
-0.00697,2.02326,0.00000
-0.00554,1.83829,0.00000
-0.00661,1.96181,0.00000
-0.00628,1.96205,0.00000
-0.00811,2.78509,0.00000
-0.00443,1.95831,0.00000
-0.00471,2.01880,0.00000
-0.00430,1.83369,0.00000
-0.00380,1.89489,0.00000
-0.00370,1.89454,0.00000
-0.00284,1.89288,0.00000
-0.00300,1.89215,0.00000
-0.00352,1.89105,0.00000
-0.00297,1.95288,0.00000
-0.00303,1.89070,0.00000
-0.00273,1.82960,0.00000
-0.00255,1.88966,0.00000
-0.00167,2.01021,0.00000
-0.00297,2.82893,0.00000
-0.00163,1.82396,0.00000
-0.00242,1.94396,0.00000
-0.00131,1.88138,0.00000
-0.00100,1.88150,0.00000
-0.00210,1.94237,0.00000
-0.00031,1.82057,0.00000
-0.00130,1.88051,0.00000
-0.00011,1.94098,0.00000
-0.00068,1.88031,0.00000
-0.00061,1.81918,0.00000
-0.00019,1.94288,0.00000
0.00036,1.81989,0.00000
-0.00057,2.88055,0.00000
-0.00009,1.87829,0.00000
0.00079,1.87558,0.00000
0.00093,1.87304,0.00000
0.00046,1.93332,0.00000
0.00161,1.87030,0.00000
0.00136,1.87072,0.00000
0.00138,1.92992,0.00000
0.00024,1.86415,0.00000
0.00121,1.79673,0.00000
0.00120,1.91517,0.00000
0.00100,1.79429,0.00000
0.00032,1.91578,0.00000
0.00236,2.78723,0.00000
0.00019,0.99070,0.00000
0.00018,2.72586,0.00000
-0.00197,2.03726,0.00000
-0.00032,1.79949,0.00000
-0.00239,1.80096,0.00000
-0.00268,2.04312,0.00000
-0.00171,1.74518,0.00000
-0.00233,1.86024,0.00000
-0.00287,1.78739,0.00000
-0.00250,1.84083,0.00000
-0.00136,1.83941,0.00000
-0.00070,1.95858,0.00000
-0.00197,2.70345,0.00000
-0.00057,0.92259,0.00000
0.00057,2.80063,0.00000
0.00021,1.86741,0.00000
0.00106,1.68852,0.00000
0.00135,1.85870,0.00000
0.00288,1.86078,0.00000
0.00096,1.74522,0.00000
0.00187,1.80215,0.00000
0.00180,1.78913,0.00000
0.00333,1.82245,0.00000
0.00285,1.75126,0.00000
0.00341,1.74149,0.00000
0.00430,1.74024,0.00000
0.00327,1.73772,0.00000
0.00678,2.66060,0.00000
0.00325,1.67226,0.00000
0.00513,1.81272,0.00000
0.00480,1.68623,0.00000
0.00507,1.62484,0.00000
0.00451,1.72230,0.00000
0.00608,1.61444,0.00000
0.00397,1.66016,0.00000
0.00786,1.64287,0.00000
0.00586,1.67731,0.00000
0.00527,1.60298,0.00000
0.00566,1.53406,0.00000
0.00615,1.62404,0.00000
0.00913,2.36595,0.00000
0.00533,1.62088,0.00000
0.00712,1.61108,0.00000
0.00596,1.50511,0.00000
0.00717,1.58436,0.00000
0.00737,1.52829,0.00000
0.00705,1.52498,0.00000
0.00577,1.56769,0.00000
0.00713,1.47419,0.00000
0.00618,1.52442,0.00000
0.00762,1.51854,0.00000
0.00728,1.54902,0.00000
0.00529,1.44218,0.00000
0.00788,1.52057,0.00000
0.00717,1.50730,0.00000
0.01169,2.12967,0.00000
0.00666,1.46326,0.00000
0.00726,1.39994,0.00000
0.00640,1.33493,0.00000
0.00748,1.40294,0.00000
0.00649,1.35458,0.00000
0.00455,1.34494,0.00000
0.00222,1.37741,0.00000
0.00161,1.27941,0.00000
0.00129,1.26334,0.00000
0.00114,1.39832,0.00000
-0.00133,1.30299,0.00000
-0.00135,1.17523,0.00000
-0.00094,1.89141,0.00000
-0.00130,1.22844,0.00000
-0.00169,1.21540,0.00000
-0.00176,1.19957,0.00000
-0.00135,1.18572,0.00000
0.00024,1.17436,0.00000
-0.00024,1.20294,0.00000
0.00019,1.15898,0.00000
-0.00045,1.10880,0.00000
0.00115,1.16502,0.00000
0.00161,1.11770,0.00000
0.00224,1.10505,0.00000
0.00193,1.12924,0.00000
0.00238,1.08772,0.00000
0.00520,1.59780,0.00000
0.00407,1.08893,0.00000
0.00489,1.01036,0.00000
0.00498,1.03821,0.00000
0.00491,1.06359,0.00000
0.00435,1.02208,0.00000
0.00595,0.97474,0.00000
0.00624,1.05603,0.00000
0.00697,0.98090,0.00000
0.00628,0.97026,0.00000
0.00610,0.96275,0.00000
0.00658,0.92389,0.00000
0.00739,0.95129,0.00000
0.00781,0.97068,0.00000
0.01197,1.38979,0.00000
0.00853,0.91105,0.00000
0.00887,0.92880,0.00000
0.00887,0.88900,0.00000
0.00784,0.87852,0.00000
0.00902,0.84043,0.00000
0.00941,0.91305,0.00000
0.00969,0.81887,0.00000
0.00965,0.81116,0.00000
0.01070,0.88453,0.00000
0.00958,0.80161,0.00000
0.01040,0.84734,0.00000
0.00915,0.84098,0.00000
0.00899,0.80438,0.00000
0.01494,1.20009,0.00000
0.01017,0.80762,0.00000
0.00920,0.75074,0.00000
0.01014,0.79325,0.00000
0.01039,0.76289,0.00000
0.01012,0.73354,0.00000
0.00991,0.77126,0.00000
0.01013,0.76276,0.00000
0.00933,0.68594,0.00000
0.01086,0.74702,0.00000
0.00850,0.71916,0.00000
0.00686,0.73381,0.00000
0.00640,0.72572,0.00000
0.00401,0.67555,0.00000
0.00388,1.01582,0.00000
0.00023,0.69764,0.00000
-0.00180,0.69271,0.00000
-0.00351,0.66520,0.00000
-0.00286,0.67980,0.00000
-0.00521,0.65255,0.00000
-0.00542,0.62598,0.00000
-0.00682,0.65720,0.00000
-0.00543,0.61175,0.00000
-0.00698,0.62609,0.00000
-0.00650,0.64023,0.00000
-0.00637,0.61567,0.00000
-0.00776,0.63015,0.00000
-0.00659,0.60629,0.00000
-0.00983,0.88003,0.00000
-0.00607,0.60925,0.00000
-0.00548,0.58497,0.00000
-0.00581,0.58026,0.00000
-0.00426,0.57455,0.00000
-0.00466,0.60420,0.00000
-0.00487,0.54576,0.00000
-0.00259,0.55717,0.00000
-0.00262,0.55031,0.00000
-0.00231,0.54557,0.00000
-0.00094,0.52404,0.00000
-0.00165,0.55278,0.00000
-0.00015,0.54875,0.00000
-0.00029,0.76841,0.00000
0.00121,0.51886,0.00000
0.00194,0.52951,0.00000
0.00237,0.50987,0.00000
0.00239,0.48939,0.00000
0.00367,0.51679,0.00000
0.00221,0.49770,0.00000
0.00413,0.50833,0.00000
0.00390,0.47430,0.00000
0.00535,0.49835,0.00000
0.00489,0.48018,0.00000
0.00562,0.48858,0.00000
0.00493,0.45774,0.00000
0.00678,0.48146,0.00000
0.01012,0.67409,0.00000
0.00743,0.47039,0.00000
0.00742,0.45133,0.00000
0.00858,0.44922,0.00000
0.00815,0.45740,0.00000
0.00866,0.45342,0.00000
0.00843,0.42408,0.00000
0.00871,0.41975,0.00000
0.00952,0.44158,0.00000
0.00906,0.43834,0.00000
0.01005,0.40835,0.00000
0.00927,0.41792,0.00000
0.01167,0.41430,0.00000
0.01502,0.62190,0.00000
0.01143,0.41617,0.00000
0.00876,0.39683,0.00000
0.01240,0.39365,0.00000
0.01113,0.39853,0.00000
0.01457,0.38437,0.00000
0.01370,0.36753,0.00000
0.01573,0.39702,0.00000
0.01575,0.36968,0.00000
0.01249,0.36419,0.00000
0.01176,0.35824,0.00000
0.01028,0.35352,0.00000
0.00612,0.33723,0.00000
0.00495,0.35388,0.00000
0.00272,0.33676,0.00000
-0.00189,0.49123,0.00000
-0.00385,0.32506,0.00000
-0.00605,0.32044,0.00000
-0.00889,0.32504,0.00000
-0.01042,0.31141,0.00000
-0.01350,0.30676,0.00000
-0.01419,0.30276,0.00000
-0.01700,0.30779,0.00000
-0.01758,0.29520,0.00000
-0.01859,0.28151,0.00000
-0.02209,0.29687,0.00000
-0.02283,0.28288,0.00000
-0.02340,0.28839,0.00000
-0.03715,0.40898,0.00000
-0.02546,0.27140,0.00000
-0.02603,0.26792,0.00000
-0.02739,0.26502,0.00000
-0.02745,0.26055,0.00000
-0.02770,0.25911,0.00000
-0.02951,0.25610,0.00000
-0.02838,0.26059,0.00000
-0.02556,0.22067,0.00000
-0.03214,0.27708,0.00000
-0.02945,0.24445,0.00000
-0.02886,0.24208,0.00000
-0.02948,0.24048,0.00000
-0.02976,0.23627,0.00000
-0.04380,0.35489,0.00000
-0.02752,0.23133,0.00000
-0.02844,0.23643,0.00000
-0.02479,0.22745,0.00000
-0.02230,0.21904,0.00000
-0.02452,0.23778,0.00000
-0.02071,0.21626,0.00000
-0.02104,0.22984,0.00000
-0.01987,0.22138,0.00000
-0.01902,0.21302,0.00000
-0.01831,0.22118,0.00000
-0.01887,0.22760,0.00000
-0.01783,0.21978,0.00000
-0.01852,0.22754,0.00000
-0.03800,0.22858,0.00000
-0.13092,0.31353,0.24433
-0.19410,0.22600,0.29343
-0.26883,0.19452,0.49484
-0.38565,0.18960,0.50078
-0.47530,0.16978,0.48091
-0.56860,0.15471,0.66025
-0.65279,0.13938,0.75495
-0.72971,0.12546,0.85254
-0.79443,0.11115,0.94978
-0.82950,0.09356,0.95014
-0.96034,0.08723,0.94209
-0.94707,0.06715,0.91991
-1.01162,0.05744,0.91951
-1.03982,0.04504,0.96747
-1.54312,0.06352,1.64643
-1.01496,0.03176,0.92695
-1.08830,0.02935,1.37270
-1.06150,0.02462,1.14046
-1.02697,0.02725,0.91298
-1.12332,0.03405,1.38893
-1.05485,0.02747,1.39378
-1.02027,0.02382,0.90613
-1.07308,0.02756,1.39056
-1.04141,0.02107,1.37743
-1.00612,0.01934,1.11054
-1.06784,0.01945,1.37589
-1.03784,0.01590,1.12130
-1.51574,0.03296,1.64622
-1.04781,0.01793,1.38077
-1.03849,0.00987,1.38239
-0.86098,-0.00113,0.65283
-0.87128,-0.00782,0.92024
-0.74921,-0.01138,0.91298
-0.58606,-0.01998,0.36618
-0.43965,-0.02534,0.53114
-0.22965,-0.03067,0.20510
-0.02597,-0.03481,0.20557
0.17184,-0.03346,0.00000
0.35082,-0.03641,-0.27632
0.49294,-0.03248,-0.35248
0.64722,-0.03312,-0.58709
0.82032,-0.03500,-0.73211
0.87403,-0.03279,-0.90206
1.45645,-0.04481,-1.38426
1.08014,-0.03471,-1.04129
1.06555,-0.03521,-1.03728
1.11841,-0.04338,-1.01517
1.18517,-0.03890,-1.19342
1.13344,-0.03482,-1.11343
1.18344,-0.02975,-1.22779
1.26069,-0.03509,-1.20004
1.15347,-0.02934,-1.20688
1.19171,-0.02810,-1.20779
1.22866,-0.02765,-1.25512
1.16192,-0.02474,-1.19153
1.27618,-0.02284,-1.25368
1.16362,-0.02101,-1.25649
1.76803,-0.01258,-1.67289
1.23473,-0.00966,-1.32384
1.23023,-0.00492,-1.16731
1.14605,0.00140,-1.41117
1.21564,-0.00194,-1.41775
1.21031,0.00290,-1.42636
1.12415,-0.00218,-1.29748
1.14713,-0.00487,-1.43508
1.17145,-0.00964,-1.44613
1.05720,-0.01040,-0.99659
1.18980,-0.01114,-1.27303
1.14412,-0.00729,-1.21888
1.06795,-0.00853,-1.29201
1.67656,-0.00883,-1.67280
1.08895,-0.02354,-1.28284
1.04964,-0.02603,-1.00267
1.08163,-0.02676,-1.27632
1.11190,-0.02864,-1.29236
1.07134,-0.02866,-1.28759
1.10578,-0.02519,-1.28733
1.07594,-0.02133,-1.28490
1.04202,-0.02215,-0.98984
1.10623,-0.02443,-1.28952
1.04019,-0.02613,-1.27600
1.10722,-0.02224,-1.27958
1.07919,-0.01967,-1.28228
1.14051,-0.01735,-1.27177
1.54693,-0.01579,-1.50836
1.11874,-0.01263,-1.30526
1.07759,-0.01192,-1.28429
1.06652,-0.01357,-1.29044
1.03030,-0.00943,-1.07487
1.11696,-0.00846,-1.29621
1.01806,-0.01063,-1.14843
1.08362,-0.01321,-1.27177
1.05223,-0.01897,-1.15345
1.05086,-0.01565,-1.15011
1.07880,-0.01464,-1.28892
1.12924,-0.01699,-1.28172
0.95100,-0.01775,-0.97272
1.06749,-0.01975,-1.28150
0.99939,-0.01469,-1.00267
0.95606,-0.01518,-0.99572
1.00866,-0.01637,-1.24184
0.90766,-0.01141,-1.04062
1.51495,-0.01040,-1.57644
0.92131,-0.00985,-1.00040
0.91066,-0.00481,-1.07226
0.93018,-0.00287,-1.00646
0.86503,-0.00562,-1.06809
0.90608,-0.00780,-1.06161
0.83523,-0.01069,-1.06573
0.86691,-0.01359,-1.06985
0.81900,-0.01511,-1.05752
0.77675,-0.01589,-1.07644
0.80878,-0.01662,-1.06394
0.76925,-0.01706,-1.01258
1.13752,-0.01865,-1.32452
0.76414,-0.01502,-1.07226
0.69729,-0.01668,-0.92516
0.72024,-0.01516,-0.94905
0.67770,-0.01453,-0.90929
0.65935,-0.01442,-0.79415
0.64361,-0.01455,-0.79106
0.64615,-0.01492,-0.78795
0.59438,-0.01553,-0.76394
0.58108,-0.01631,-0.78340
0.62168,-0.01690,-0.78795
0.56735,-0.01518,-0.78722
0.55304,-0.01658,-0.79940
0.79753,-0.02012,-1.06985
0.50798,-0.01305,-0.63644
0.49432,-0.01398,-0.56855
0.47660,-0.01254,-0.56210
0.47819,-0.01372,-0.56262
0.43527,-0.01117,-0.53169
0.46486,-0.01264,-0.52795
0.42262,-0.01201,-0.53169
0.39716,-0.01041,-0.51251
0.39523,-0.01151,-0.52686
0.38558,-0.00980,-0.52686
0.37331,-0.01288,-0.52981
0.37501,-0.01191,-0.52622
0.35392,-0.01373,-0.53113
0.51460,-0.01958,-0.78168
0.33649,-0.01392,-0.50635
0.31836,-0.01194,-0.36435
0.29969,-0.01323,-0.32533
0.31082,-0.01245,-0.36435
0.29176,-0.01404,-0.32350
0.27463,-0.01180,-0.32510
0.27766,-0.01396,-0.32176
0.27752,-0.01237,-0.32523
0.25366,-0.01412,-0.32541
0.26443,-0.01356,-0.31996
0.24762,-0.01541,-0.32523
0.25231,-0.01492,-0.32552
0.34489,-0.01978,-0.53985
0.24250,-0.01592,-0.31989
0.22254,-0.01561,-0.30420
0.21076,-0.01494,-0.30332
0.22040,-0.01484,-0.30729
0.20269,-0.01454,-0.30549
0.20892,-0.01604,-0.30818
0.20621,-0.01604,-0.30818
0.19037,-0.01504,-0.30549
0.19775,-0.01688,-0.30952
0.18917,-0.01518,-0.30155
0.18061,-0.01506,-0.30729
0.18771,-0.01609,-0.29995
0.27472,-0.02254,-0.35554
0.17151,-0.01670,-0.30482
0.17755,-0.01666,-0.31176
0.17098,-0.01525,-0.30691
0.16228,-0.01612,-0.30368
0.16703,-0.01567,-0.29886
0.16424,-0.01634,-0.30482
0.16719,-0.01228,-0.30672
0.14338,0.03069,-0.22158
0.12192,0.11984,-0.25859
0.09036,0.24384,-0.20518
0.07104,0.44124,0.00000
0.04017,0.59604,0.00000
0.02334,1.20004,0.00000
0.00021,0.52195,0.00000
-0.01304,1.74309,0.00000
-0.01463,1.27102,0.00000
-0.01826,1.46648,0.00000
-0.01649,1.52158,0.00000
-0.01532,1.55132,0.00000
-0.01399,1.72227,0.00000
-0.01050,1.72792,0.00000
-0.00602,1.77407,0.00000
-0.00447,1.81057,0.00000
-0.00285,1.90188,0.00000
-0.00047,1.80683,0.00000
0.00071,1.94717,0.00000
0.00332,1.90135,0.00000
0.00757,2.87217,0.00000
0.00619,1.92827,0.00000
0.00686,1.99823,0.00000
0.00618,1.87904,0.00000
0.00853,2.00928,0.00000
0.00634,1.88646,0.00000
0.00663,2.01516,0.00000
0.00714,1.95770,0.00000
0.00823,1.89849,0.00000
0.00807,1.96451,0.00000
0.00812,2.09200,0.00000
0.00819,1.96955,0.00000
0.00812,1.97298,0.00000
0.01227,3.02192,0.00000
0.00822,1.97643,0.00000
0.00693,1.91317,0.00000
0.01013,2.04073,0.00000
0.00871,2.10248,0.00000
0.00854,1.91401,0.00000
0.00789,2.10331,0.00000
0.00895,2.04289,0.00000
0.00831,1.85171,0.00000
0.00673,2.10784,0.00000
0.00809,1.91947,0.00000
0.00625,1.98280,0.00000
0.00885,2.04584,0.00000
0.00669,1.98457,0.00000
0.00652,1.92242,0.00000
0.00746,2.05093,0.00000
0.00764,2.98226,0.00000
0.00512,1.99062,0.00000
0.00629,2.11664,0.00000
0.00480,1.92800,0.00000
0.00339,1.92607,0.00000
0.00436,2.05430,0.00000
0.00353,1.99021,0.00000
0.00283,1.98948,0.00000
0.00233,2.05253,0.00000
0.00211,1.98983,0.00000
0.00161,1.92752,0.00000
0.00071,2.05521,0.00000
0.00011,1.99390,0.00000
0.00132,1.99395,0.00000
-0.00212,3.11429,0.00000
-0.00048,1.99439,0.00000
-0.00102,1.99510,0.00000
-0.00159,1.99454,0.00000
-0.00052,1.99349,0.00000
-0.00076,1.99331,0.00000
-0.00137,2.05563,0.00000
-0.00238,1.99264,0.00000
-0.00165,1.99150,0.00000
-0.00314,2.05565,0.00000
-0.00296,1.92970,0.00000
-0.00305,1.99604,0.00000
-0.00224,1.99703,0.00000
-0.00332,2.06138,0.00000
-0.00466,2.93497,0.00000
-0.00340,2.06434,0.00000
-0.00294,1.93642,0.00000
-0.00540,2.06465,0.00000
-0.00443,1.93740,0.00000
-0.00437,2.12603,0.00000
-0.00481,1.93592,0.00000
-0.00608,2.05978,0.00000
-0.00520,1.92470,0.00000
-0.00511,2.04869,0.00000
-0.00641,1.98393,0.00000
-0.00538,1.91961,0.00000
-0.00533,2.04779,0.00000
-0.01072,3.04251,0.00000
-0.00470,1.99091,0.00000
-0.00591,1.92548,0.00000
-0.00544,2.04779,0.00000
-0.00590,1.91976,0.00000
-0.00317,2.04628,0.00000
-0.00414,1.98835,0.00000
-0.00364,1.98713,0.00000
-0.00321,1.98561,0.00000
-0.00256,2.04329,0.00000
-0.00190,1.97861,0.00000
-0.00106,1.97971,0.00000
-0.00206,1.91785,0.00000
-0.00083,2.17196,0.00000
-0.00213,2.90955,0.00000
-0.00203,1.98049,0.00000
-0.00311,2.04381,0.00000
-0.00236,1.98227,0.00000
-0.00398,2.17123,0.00000
-0.00391,1.98771,0.00000
-0.00324,1.92640,0.00000
-0.00587,1.97984,0.00000
-0.00495,1.95837,0.00000
-0.00795,2.01239,0.00000
-0.00605,1.88473,0.00000
-0.00621,2.01234,0.00000
-0.00735,1.89331,0.00000
-0.00857,2.08692,0.00000
-0.00713,1.90335,0.00000
-0.00864,2.01742,0.00000
-0.01359,2.95180,0.00000
-0.00917,1.91252,0.00000
-0.00804,1.84711,0.00000
-0.00961,1.96875,0.00000
-0.01029,1.90727,0.00000
-0.00951,1.83100,0.00000
-0.01009,1.93396,0.00000
-0.01191,1.91844,0.00000
-0.01078,1.79287,0.00000
-0.01018,1.85260,0.00000
-0.01188,1.85664,0.00000
-0.01179,1.92260,0.00000
-0.01182,1.85521,0.00000
-0.01940,2.73315,0.00000
-0.01243,1.79653,0.00000
-0.01295,1.83920,0.00000
-0.01258,1.71919,0.00000
-0.01333,1.83098,0.00000
-0.01295,1.76525,0.00000
-0.01426,1.79809,0.00000
-0.01430,1.66907,0.00000
-0.01324,1.71187,0.00000
-0.01225,1.70332,0.00000
-0.01384,1.64796,0.00000
-0.01389,1.86063,0.00000
-0.01399,1.73296,0.00000
-0.01243,1.56033,0.00000
-0.02075,2.47626,0.00000
-0.01267,1.64210,0.00000
-0.01458,1.69310,0.00000
-0.01362,1.64446,0.00000
-0.01346,1.65049,0.00000
-0.01229,1.63980,0.00000
-0.01454,1.57432,0.00000
-0.01310,1.66950,0.00000
-0.01246,1.61355,0.00000
-0.01248,1.65877,0.00000
-0.00880,1.59290,0.00000
-0.00716,1.53077,0.00000
-0.00674,1.60782,0.00000
-0.00529,1.55325,0.00000
-0.00722,2.31977,0.00000
-0.00442,1.58153,0.00000
-0.00408,1.48127,0.00000
-0.00415,1.51017,0.00000
-0.00495,1.63052,0.00000
-0.00420,1.38105,0.00000
-0.00472,1.44610,0.00000
-0.00728,1.42264,0.00000
-0.00600,1.44702,0.00000
-0.00800,1.39277,0.00000
-0.00808,1.37959,0.00000
-0.00940,1.35546,0.00000
-0.00869,1.33294,0.00000
-0.01524,1.91858,0.00000
-0.01175,1.33103,0.00000
-0.01339,1.31840,0.00000
-0.01199,1.27024,0.00000
-0.01261,1.26674,0.00000
-0.01316,1.21588,0.00000
-0.01460,1.31449,0.00000
-0.01484,1.22873,0.00000
-0.01375,1.18091,0.00000
-0.01525,1.24965,0.00000
-0.01516,1.16557,0.00000
-0.01575,1.22795,0.00000
-0.01473,1.13474,0.00000
-0.01785,1.19102,0.00000
-0.02666,1.69574,0.00000
-0.01801,1.16064,0.00000
-0.01775,1.11676,0.00000
-0.01796,1.10674,0.00000
-0.01791,1.06003,0.00000
-0.01915,1.07990,0.00000
-0.01991,1.10080,0.00000
-0.02011,1.08842,0.00000
-0.01796,1.01529,0.00000
-0.02054,1.00740,0.00000
-0.01960,1.09798,0.00000
-0.02106,1.01787,0.00000
-0.01903,1.00386,0.00000
-0.03147,1.47955,0.00000
-0.02381,1.12759,0.00000
-0.01751,0.80895,0.00000
-0.02190,0.98491,0.00000
-0.02056,0.94834,0.00000
-0.02122,0.93684,0.00000
-0.02027,0.92525,0.00000
-0.02053,0.91482,0.00000
-0.02128,0.90781,0.00000
-0.02085,0.89866,0.00000
-0.02178,0.89113,0.00000
-0.02002,0.88061,0.00000
-0.02219,0.89724,0.00000
-0.03029,1.29012,0.00000
-0.01856,0.81636,0.00000
-0.01728,0.86220,0.00000
-0.01398,0.82926,0.00000
-0.01246,0.82173,0.00000
-0.00917,0.81258,0.00000
-0.00789,0.80338,0.00000
-0.00694,0.79349,0.00000
-0.00426,0.83707,0.00000
-0.00334,0.78086,0.00000
-0.00211,0.72502,0.00000
0.00048,0.76899,0.00000
-0.00016,0.78080,0.00000
0.00044,1.12666,0.00000
-0.00046,0.73475,0.00000
0.00041,0.72674,0.00000
-0.00109,0.74312,0.00000
-0.00023,0.71230,0.00000
-0.00100,0.70522,0.00000
-0.00168,0.69546,0.00000
-0.00191,0.68828,0.00000
-0.00183,0.70387,0.00000
-0.00431,0.65456,0.00000
-0.00391,0.66813,0.00000
-0.00511,0.68372,0.00000
-0.00407,0.65706,0.00000
-0.00699,0.65138,0.00000
-0.00973,0.96956,0.00000
-0.00741,0.65607,0.00000
-0.00913,0.61288,0.00000
-0.00974,0.68405,0.00000
-0.00916,0.58167,0.00000
-0.01173,0.63181,0.00000
-0.00995,0.58946,0.00000
-0.01309,0.60260,0.00000
-0.01370,0.61595,0.00000
-0.01271,0.59226,0.00000
-0.01495,0.56723,0.00000
-0.01511,0.59768,0.00000
-0.01656,0.59250,0.00000
-0.01694,0.56977,0.00000
-0.02605,0.86307,0.00000
-0.01777,0.57514,0.00000
-0.01982,0.53525,0.00000
-0.01921,0.56370,0.00000
-0.02091,0.54295,0.00000
-0.01951,0.51991,0.00000
-0.02202,0.54832,0.00000
-0.02072,0.52669,0.00000
-0.02344,0.52369,0.00000
-0.02297,0.51806,0.00000
-0.02312,0.51379,0.00000
-0.02274,0.50809,0.00000
-0.02604,0.51739,0.00000
-0.02373,0.49838,0.00000
-0.03746,0.72171,0.00000
-0.02597,0.50099,0.00000
-0.02712,0.49759,0.00000
-0.02581,0.46413,0.00000
-0.02514,0.46006,0.00000
-0.02912,0.48347,0.00000
-0.02764,0.47840,0.00000
-0.02971,0.46105,0.00000
-0.02985,0.44428,0.00000
-0.03296,0.45278,0.00000
-0.03105,0.44577,0.00000
-0.02915,0.45495,0.00000
-0.02562,0.43198,0.00000
-0.03162,0.64315,0.00000
-0.01431,0.42333,0.00000
-0.01021,0.39351,0.00000
-0.00466,0.39630,0.00000
-0.00102,0.38949,0.00000
0.00391,0.38245,0.00000
0.01083,0.38705,0.00000
0.01301,0.37941,0.00000
0.01710,0.34937,0.00000
0.02227,0.35607,0.00000
0.02381,0.35106,0.00000
0.02687,0.33161,0.00000
0.03259,0.35985,0.00000
0.03345,0.33270,0.00000
0.05259,0.47667,0.00000
0.03897,0.32941,0.00000
0.04240,0.33395,0.00000
0.04034,0.29972,0.00000
0.04192,0.30750,0.00000
0.04489,0.31122,0.00000
0.04293,0.29744,0.00000
0.04322,0.29514,0.00000
0.04455,0.28025,0.00000
0.04446,0.28758,0.00000
0.04719,0.30147,0.00000
0.04327,0.27113,0.00000
0.04413,0.27673,0.00000
0.04646,0.28380,-0.08959
0.04257,0.27025,0.00000
0.06329,0.39136,-0.08029
0.04326,0.27273,0.00000
0.04344,0.27734,0.00000
0.03828,0.24301,-0.09328
0.04094,0.26511,0.00000
0.03965,0.25388,0.00000
0.03681,0.24348,-0.09308
0.03211,0.25232,-0.09136
0.00292,0.23342,0.00000
-0.05514,0.21075,0.00000
-0.14622,0.20642,0.17175
-0.24105,0.17338,0.28576
-0.34926,0.15595,0.34293
-0.72120,0.20954,0.57552
-0.62328,0.12478,0.43284
-0.66652,0.10810,0.42582
-0.78419,0.10453,0.74037
-0.85129,0.09839,0.94081
-0.82774,0.08286,0.93240
-0.95707,0.08493,0.93240
-1.02903,0.08172,0.93240
-0.93440,0.06462,0.92537
-1.02076,0.06413,0.91028
-1.03528,0.05877,0.94617
-1.04432,0.05631,0.94271
-1.08732,0.05448,0.94957
-1.09698,0.04906,0.94617
-1.57169,0.07695,1.44564
-1.13548,0.04535,1.14650
-1.09806,0.04080,1.14502
-1.03202,0.03588,0.91779
-1.06435,0.03783,0.94791
-1.04229,0.03654,0.91779
-0.98861,0.03150,0.91099
-0.95980,0.03118,0.90486
-0.87071,0.01988,0.90428
-0.74478,0.01464,0.86342
-0.84335,0.01274,0.91260
-0.72551,0.00244,0.86737
-0.78271,-0.00658,0.62941
-0.64283,-0.01100,0.66417
-0.67139,-0.01429,0.63829
-0.73098,-0.01490,0.63126
-1.13175,-0.01999,0.95115
-0.80534,-0.01804,0.87653
-0.78660,-0.01603,0.63446
-0.84033,-0.01727,0.63829
-0.92359,-0.01959,0.63126
-0.83799,-0.01566,0.63639
-0.94079,-0.01562,0.71864
-0.92835,-0.01104,0.72148
-0.90983,-0.01105,0.63126
-0.98069,-0.01136,0.95295
-0.98979,-0.01056,1.11054
-0.96921,-0.01445,1.01610
-0.98046,-0.01410,0.63805
-0.98224,-0.01120,0.63234
-1.47666,-0.00661,1.12350
-0.99843,-0.00350,1.36944
-1.03208,-0.00459,1.36790
-0.97238,-0.00591,1.12001
-1.00365,-0.00249,1.36790
-1.03984,-0.00081,1.36944
-1.01693,-0.00646,1.37743
-0.99368,-0.01255,0.76751
-1.06196,-0.01547,0.92163
-0.99768,-0.01287,1.37911
-1.03073,-0.01384,1.37093
-1.09763,-0.01178,1.36790
-1.51144,-0.00987,1.37911
-1.05804,-0.01024,0.96205
-0.58233,-0.00932,0.38655
-1.09508,-0.01305,0.96017
-1.54395,-0.01549,1.28690
-1.05800,-0.01239,0.92475
-1.01988,-0.01468,1.01448
-1.01187,-0.01298,1.02033
-1.01073,-0.00918,1.01610
-1.01700,-0.00768,1.02033
-1.01873,-0.00641,1.02626
-1.01848,-0.00367,1.37093
-0.97850,-0.00481,0.92475
-1.07267,-0.00655,1.37589
-1.01464,-0.02018,0.94591
-0.98698,-0.02553,0.88987
-1.05842,-0.02347,0.91012
-1.03521,-0.02477,0.91584
-1.56203,-0.02935,1.26859
-1.05950,-0.02443,0.91230
-1.10031,-0.02256,0.93562
-1.03133,-0.03198,0.89703
-1.06196,-0.03127,0.94074
-1.09678,-0.02813,1.36447
-1.06535,-0.02683,0.64083
-1.06497,-0.03089,0.95644
-1.09514,-0.03259,1.38398
-0.99826,-0.02943,0.65245
-1.12880,-0.03453,0.95115
-1.06305,-0.03671,0.64089
-1.02591,-0.03927,0.64089
-1.09297,-0.04304,0.64668
-1.57941,-0.05278,1.86615
-1.04192,-0.04109,1.16332
-0.97384,-0.03840,1.00951
-1.13433,-0.04415,0.95115
-1.00205,-0.04144,0.63476
-1.03023,-0.04546,1.10751
-1.05285,-0.04173,0.94220
-1.00688,-0.04798,1.00534
-1.02773,-0.05148,1.20579
-0.98694,-0.04772,0.91161
-0.95209,-0.04397,0.90486
-1.01215,-0.04683,1.11054
-0.94157,-0.04243,0.90486
-1.43533,-0.05247,1.63377
-0.94689,-0.03784,0.92651
-0.97028,-0.03943,0.62948
-0.93408,-0.03314,0.91260
-0.96295,-0.03229,0.93479
-0.96348,-0.03361,0.91951
-0.89431,-0.03199,0.90613
-0.92883,-0.03165,0.90486
-0.88031,-0.03067,0.63288
-0.83980,-0.03331,0.63829
-0.88573,-0.03796,0.64548
-0.85101,-0.03746,0.63995
-0.84171,-0.04222,0.64717
-0.82435,-0.04430,0.91298
-1.22715,-0.06607,0.96179
-0.74983,-0.04636,0.64187
-0.75722,-0.04483,0.64354
-0.75812,-0.04301,0.63639
-0.72284,-0.04431,0.63995
-0.70338,-0.04409,0.64187
-0.70148,-0.04645,0.87886
-0.63565,-0.04504,0.36329
-0.65306,-0.04936,0.56602
-0.61473,-0.04654,0.67175
-0.59931,-0.04681,0.36246
-0.58189,-0.04458,0.36389
-0.56904,-0.04522,0.67175
-0.84787,-0.06237,0.63799
-0.55104,-0.04310,0.51977
-0.53447,-0.04199,0.36246
-0.47260,-0.03862,0.39342
-0.52429,-0.04172,0.36246
-0.47773,-0.03734,0.32184
-0.46429,-0.03463,0.32184
-0.44786,-0.03455,0.31996
-0.43566,-0.03077,0.32004
-0.42352,-0.03166,0.39105
-0.43599,-0.03128,0.39342
-0.38798,-0.02603,0.39342
-0.37839,-0.02554,0.40068
-0.39223,-0.02388,0.38551
-0.36874,-0.02221,0.39177
-0.54327,-0.03019,0.36186
-0.34064,-0.02042,0.31984
-0.33180,-0.01856,0.20188
-0.32370,-0.01927,0.20131
-0.32546,-0.01737,0.20243
-0.29729,-0.01800,0.19204
-0.30005,-0.01672,0.19204
-0.29235,-0.01613,0.19373
-0.28421,-0.01752,0.19689
-0.27839,-0.01669,0.19373
-0.27850,-0.01745,0.19403
-0.27417,-0.01769,0.19403
-0.25614,-0.01824,0.19488
-0.37492,-0.02520,0.31819
-0.25011,-0.01800,0.19403
-0.22955,-0.01882,0.15465
-0.24706,-0.01955,0.19604
-0.22660,-0.01722,0.15465
-0.21544,-0.01842,0.15501
-0.22383,-0.01809,0.15314
-0.21305,-0.01807,0.15387
-0.20273,-0.01680,0.15501
-0.21245,-0.01703,0.15501
-0.20144,-0.01912,0.15351
-0.19101,-0.01718,0.00000
-0.20045,-0.01793,0.15275
-0.19207,-0.01789,0.15236
-0.28318,-0.02701,0.19224
-0.18213,-0.01774,0.15090
-0.18231,-0.01762,0.15127
-0.18342,-0.01937,0.15428
-0.16334,-0.01596,0.15239
-0.18469,-0.01885,0.15543
-0.17263,-0.01880,0.15465
-0.17556,-0.01952,0.15201
-0.16671,-0.01870,0.15159
-0.16105,-0.01867,0.15016
-0.16396,-0.00828,0.15050
-0.14004,0.04049,0.23157
-0.11143,0.14115,0.28387
-0.08410,0.28237,0.15706
-0.05847,0.46814,0.00000
-0.04020,0.99929,0.00000
-0.00447,0.93163,0.00000
0.00910,1.11118,0.00000
0.01669,1.18791,0.00000
0.02128,1.35271,0.00000
0.02453,1.51001,0.00000
0.02162,1.56046,0.00000
0.02040,1.63898,0.00000
0.01716,1.75907,0.00000
0.01486,1.65084,0.00000
0.01081,1.92016,0.00000
0.00646,1.84092,0.00000
0.00401,1.87385,0.00000
0.00129,2.85350,0.00000
-0.00177,2.05269,0.00000
-0.00263,1.82008,0.00000
-0.00576,2.01991,0.00000
-0.00495,1.96301,0.00000
-0.00636,1.97095,0.00000
-0.00713,2.04005,0.00000
-0.00771,1.91794,0.00000
-0.00868,1.98656,0.00000
-0.00956,2.05292,0.00000
-0.01041,1.99067,0.00000
-0.00970,1.99254,0.00000
-0.01004,1.99186,0.00000
-0.01627,2.98804,0.00000
-0.00936,1.99062,0.00000
-0.01130,1.99104,0.00000
-0.01117,2.05498,0.00000
-0.00966,1.92687,0.00000
-0.01272,2.11764,0.00000
-0.01120,1.93064,0.00000
-0.01079,1.99475,0.00000
-0.00997,1.99461,0.00000
-0.01182,1.99373,0.00000
-0.01077,1.93019,0.00000
-0.01220,2.12036,0.00000
-0.01155,2.06037,0.00000
-0.01092,1.93519,0.00000
-0.01570,3.00119,0.00000
-0.01060,2.00349,0.00000
-0.01127,2.00448,0.00000
-0.00863,2.00544,0.00000
-0.01173,2.07097,0.00000
-0.00901,2.00682,0.00000
-0.00865,1.94296,0.00000
-0.00911,2.07037,0.00000
-0.00860,2.00771,0.00000
-0.00790,2.06869,0.00000
-0.00805,2.00357,0.00000
-0.00754,1.93943,0.00000
-0.00725,2.00383,0.00000
-0.00951,3.06872,0.00000
-0.00756,2.00750,0.00000
-0.00607,2.00744,0.00000
-0.00713,2.01019,0.00000
-0.00542,2.01083,0.00000
-0.00569,2.07981,0.00000
-0.00468,2.01482,0.00000
-0.00458,1.95325,0.00000
-0.00469,2.07909,0.00000
-0.00422,2.01458,0.00000
-0.00472,1.94945,0.00000
-0.00409,2.14124,0.00000
-0.00358,2.01503,0.00000
-0.00424,2.01473,0.00000
-0.00333,2.95782,0.00000
-0.00152,2.14128,0.00000
-0.00256,1.94981,0.00000
-0.00118,1.94896,0.00000
-0.00211,2.07603,0.00000
-0.00071,2.07560,0.00000
-0.00127,1.94824,0.00000
-0.00129,2.07727,0.00000
-0.00063,1.94773,0.00000
0.00006,2.07515,0.00000
-0.00046,2.01230,0.00000
-0.00101,2.01287,0.00000
0.00084,2.07479,0.00000
-0.00069,3.01549,0.00000
0.00017,1.94393,0.00000
-0.00120,1.00403,0.00000
-0.00164,3.01028,0.00000
-0.00245,2.00716,0.00000
-0.00204,2.13212,0.00000
-0.00308,2.00358,0.00000
-0.00185,1.93821,0.00000
-0.00142,2.06355,0.00000
-0.00346,2.00007,0.00000
-0.00312,1.93822,0.00000
-0.00212,2.06267,0.00000
-0.00235,2.05738,0.00000
-0.00072,1.92044,0.00000
-0.00063,3.02330,0.00000
0.00037,1.97404,0.00000
0.00016,1.91058,0.00000
0.00093,2.09039,0.00000
0.00169,1.95989,0.00000
0.00195,1.95940,0.00000
0.00162,1.96108,0.00000
0.00264,1.89993,0.00000
0.00245,2.03029,0.00000
0.00354,1.97203,0.00000
0.00303,1.96566,0.00000
0.00389,1.95383,0.00000
0.00490,1.94882,0.00000
0.00353,2.01164,0.00000
0.00779,2.92803,0.00000
0.00561,2.02244,0.00000
0.00513,1.96705,0.00000
0.00492,1.89618,0.00000
0.00604,2.00686,0.00000
0.00600,1.99901,0.00000
0.00630,1.93497,0.00000
0.00569,1.93695,0.00000
0.00647,1.94099,0.00000
0.00777,1.93548,0.00000
0.00695,1.91651,0.00000
0.00762,1.90093,0.00000
0.00765,1.89205,0.00000
0.00835,1.88634,0.00000
0.01208,2.88751,0.00000
0.00791,1.88566,0.00000
0.00821,1.87726,0.00000
0.00934,1.90580,0.00000
0.00936,1.75063,0.00000
0.00998,1.84412,0.00000
0.00914,1.77509,0.00000
0.00958,1.71166,0.00000
0.00948,1.81962,0.00000
0.01027,1.80987,0.00000
0.00911,1.68443,0.00000
0.01026,1.71967,0.00000
0.01076,1.75141,0.00000
0.01366,2.53176,0.00000
0.00942,1.63930,0.00000
0.01136,1.75282,0.00000
0.00912,1.69319,0.00000
0.00993,1.63176,0.00000
0.00994,1.72110,0.00000
0.00898,1.71215,0.00000
0.00741,1.65605,0.00000
0.00609,1.65384,0.00000
0.00477,1.60234,0.00000
0.00390,1.68810,0.00000
0.00344,1.62563,0.00000
0.00377,1.60556,0.00000
0.00282,2.43869,0.00000
0.00180,1.63147,0.00000
0.00255,1.52543,0.00000
0.00148,1.61094,0.00000
0.00382,1.54154,0.00000
0.00252,1.47814,0.00000
0.00343,1.54951,0.00000
0.00562,1.48149,0.00000
0.00464,1.46892,0.00000
0.00577,1.50520,0.00000
0.00572,1.44619,0.00000
0.00692,1.38468,0.00000
0.00878,1.45235,0.00000
0.00949,1.39164,0.00000
0.01351,2.06401,0.00000
0.01079,1.36616,0.00000
0.01012,1.40528,0.00000
0.01003,1.31430,0.00000
0.01190,1.30140,0.00000
0.01099,1.36316,0.00000
0.01270,1.34803,0.00000
0.01434,1.33468,0.00000
0.01142,1.24482,0.00000
0.01241,1.23692,0.00000
0.01355,1.33958,0.00000
0.01334,1.20710,0.00000
0.01489,1.23111,0.00000
0.02300,1.85053,0.00000
0.01736,1.23376,0.00000
0.01341,1.15055,0.00000
0.01683,1.21420,0.00000
0.01653,1.19673,0.00000
0.01513,1.07117,0.00000
0.01737,1.16696,0.00000
0.01514,1.12015,0.00000
0.01713,1.07553,0.00000
0.01782,1.13334,0.00000
0.01626,1.12317,0.00000
0.01728,1.04274,0.00000
0.01713,1.09844,0.00000
0.01778,1.05408,0.00000
0.01782,1.11074,0.00000
0.02712,1.54412,0.00000
0.01859,1.04977,0.00000
0.01704,0.97393,0.00000
0.01779,0.99077,0.00000
0.01823,1.01181,0.00000
0.01662,0.94058,0.00000
0.01899,0.99572,0.00000
0.01834,0.95341,0.00000
0.01761,0.91025,0.00000
0.01921,0.95791,0.00000
0.01754,0.94607,0.00000
0.01635,0.84809,0.00000
0.01640,0.95845,0.00000
0.01300,0.89384,0.00000
0.00989,0.91633,0.00000
0.01249,1.34071,0.00000
0.00696,0.88584,0.00000
0.00443,0.82131,0.00000
0.00209,0.86672,0.00000
0.00369,0.80231,0.00000
-0.00028,0.82246,0.00000
0.00016,0.81438,0.00000
0.00041,0.80502,0.00000
0.00025,0.81832,0.00000
-0.00131,0.78688,0.00000
-0.00045,0.77813,0.00000
-0.00056,0.77204,0.00000
0.00006,0.76407,0.00000
0.00076,0.75768,0.00000
-0.00138,0.77095,0.00000
0.00303,1.09212,0.00000
0.00087,0.75021,0.00000
0.00255,0.74392,0.00000
0.00284,0.71573,0.00000
0.00443,0.70765,0.00000
0.00358,0.67859,0.00000
0.00513,0.69245,0.00000
0.00617,0.70490,0.00000
0.00653,0.67741,0.00000
0.00838,0.67225,0.00000
0.00885,0.68813,0.00000
0.00681,0.64093,0.00000
0.01643,0.98654,0.00000
0.00520,0.32824,0.00000
0.01813,1.00728,0.00000
0.01230,0.65153,0.00000
0.01246,0.64604,0.00000
0.01276,0.60376,0.00000
0.01435,0.59574,0.00000
0.01585,0.64738,0.00000
0.01440,0.60355,0.00000
0.01824,0.61585,0.00000
0.01721,0.59259,0.00000
0.01606,0.58622,0.00000
0.01892,0.58208,0.00000
0.01758,0.57696,0.00000
0.01711,0.55262,0.00000
0.02173,0.59950,0.00000
0.02884,0.84002,0.00000
0.01917,0.53729,0.00000
0.02149,0.56278,0.00000
0.02089,0.52765,0.00000
0.02149,0.55333,0.00000
0.02249,0.53279,0.00000
0.02338,0.54458,0.00000
0.02067,0.50657,0.00000
0.02306,0.52015,0.00000
0.02379,0.52859,0.00000
0.02369,0.51033,0.00000
0.02236,0.50290,0.00000
0.02376,0.49971,0.00000
0.03583,0.73444,0.00000
0.02418,0.48496,0.00000
0.01443,0.27568,0.00000
0.03406,0.55154,0.00000
0.03021,0.47598,0.00000
0.03004,0.46730,0.00000
0.04108,0.68644,0.00000
0.02566,0.46434,0.00000
0.02284,0.45869,0.00000
0.01649,0.43599,0.00000
0.01339,0.43068,0.00000
0.00780,0.43555,0.00000
0.00660,0.40219,0.00000
-0.00053,0.42201,0.00000
-0.00368,0.39147,0.00000
-0.00662,0.39746,0.00000
-0.01150,0.40316,0.00000
-0.01476,0.38598,0.00000
-0.01853,0.38071,0.00000
-0.02014,0.37465,0.00000
-0.02217,0.37007,0.00000
-0.04054,0.55373,0.00000
