0.0692306
0.0597534
0.0567308
0.0277102
0.0615792
0.0249295
0.0589991
0.0562506
0.0245643
0.0614171
0.0574396
0.0266002
0.0686434
0.0276156
0.0625679
0.0305803
0.0691724
0.0320436
0.0628745
0.0288073
0.0658256
0.0328058
0.0669547
0.036634
0.0495601
0.0300932
0.0299095
0.0655848
0.0367573
0.0544877
0.0444942
0.0307259
0.0673739
0.0366795
0.0432527
0.0332348
0.0688524
0.042928
0.0588159
0.0366683
0.0512642
0.036413
0.0574834
0.0374821
0.0389549
0.0305339
0.034591
0.028567
0.0661757
0.0337106
0.032515
0.0633596
0.0370414
0.0471555
0.0338149
0.0608585
0.0403975
0.0297104
0.0304552
0.0641067
0.0378727
0.0639218
0.0357201
0.0356728
0.0285658
0.0554497
0.03073
0.0408502
0.0388841
0.0628994
0.0303474
0.0296719
0.0287237
0.0293012
0.0258232
0.0255041
0.0251289
0.0245253
0.0248563
0.0242569
0.0244535
0.0548744
0.0207153
0.0267578
0.0584246
0.0395524
0.0572134
0.0339693
0.0590456
0.029148
0.0600985
0.0277595
0.0579594
0.0312376
0.0561912
0.055243
0.0214284
0.0595771
0.0328969
0.053881
0.0315211
0.0568306
0.0233597
0.0351363
0.0589658
0.0275921
0.0373222
0.0325903
0.0614045
0.0592274
0.0246973
0.0589573
0.0462822
0.0275987
0.0672379
0.0284335
0.0287007
0.033798
0.0644476
0.0312058
0.0670163
0.0631099
0.0312407
0.0655786
0.0332385
0.0638408
0.0389168
0.0517376
0.0310731
0.0635138
0.0370682
0.0673983
0.0389947
0.0688066
0.0411614
0.0497881
0.0356426
0.0675222
0.04142
0.0482616
0.030772
0.0669393
0.0428932
0.0394047
0.0315989
0.0656474
0.0428723
0.04652
0.0417454
0.06715
0.0447771
0.043868
0.0354839
0.0487723
0.0369296
0.0623515
0.0367331
0.0602553
0.0399412
0.0612707
0.0415299
0.0378833
0.0416716
0.063562
0.0393701
0.058023
0.0392955
0.0674322
0.049379
0.0360555
0.0341096
0.0658364
0.0408251
0.0523997
0.0374459
0.0543539
0.0440362
0.0361938
0.0365043
0.0547333
0.041847
0.0361678
0.0377573
0.0490504
0.0384996
0.0449589
0.0389183
0.0455255
0.0379702
0.0710837
0.0420452
0.0331285
0.0311366
0.0545878
0.0649299
0.0427518
0.0624038
0.0369623
0.0382636
0.0680307
0.048986
0.0409039
0.0433806
0.0700329
0.041334
0.0667775
0.0575819
0.043892
0.065261
0.0450589
0.0407258
0.0719606
0.0442177
0.0318679
0.0361279
0.0577581
0.0476252
0.0749471
0.054293
0.0422659
0.0414945
0.038509
0.0707637
0.0409612
0.0351219
0.0692255
0.0513649
0.0656217
0.0669898
0.0419339
0.0623794
0.0402278
0.0419012
0.0360653
0.0585424
0.0436587
0.0427529
0.0421745
0.0434833
0.0343728
0.0501323
0.0394916
0.0447523
0.0410701
0.0654486
0.0511925
0.0334996
0.0356927
0.0529019
0.0368882
0.0348358
0.0351609
0.0659626
0.0434106
0.0620701
0.0461919
0.0293763
0.0346516
0.0302792
0.0585351
0.0429061
0.0364659
0.0450607
0.0379661
0.0470673
0.0359578
0.0636317
0.0424377
0.0630025
0.0348387
0.0612922
0.0417514
0.0394717
0.0668787
0.0394384
0.0290318
0.0350187
0.058789
0.0382391
0.0514886
0.0347834
0.0657363
0.0380822
0.0605594
0.0351404
0.0543065
0.0355113
0.0548967
0.0398207
0.0427701
0.0654387
0.0465487
0.0403606
0.0373292
0.04954
0.0442523
0.0381385
0.0468251
0.0379215
0.067112
0.0369729
0.03632
0.0383666
0.0487609
0.0722325
0.0455656
0.0636808
0.0689096
0.0467186
0.036877
0.0705059
0.0683617
0.0428205
0.0339979
0.0710126
0.0348489
0.068127
0.0423924
0.0252276
0.0227043
0.0245072
0.0629399
0.0489583
0.0407475
0.0598366
0.0292565
0.0249375
0.0580324
0.0270954
0.0624038
0.028197
0.0329129
0.0285524
0.0415175
0.062649
0.0376445
0.0319043
0.0619518
0.0585655
0.0324025
0.0614552
0.030785
0.0609967
0.0292515
0.0288195
0.039134
0.0581926
0.0316194
0.0535629
0.0255823
0.0605993
0.0287138
0.0583926
0.0342068
0.0604791
0.0245543
0.0616396
0.0605952
0.0281444
0.0601739
0.0298521
0.0274951
0.0375093
0.0603531
0.0286284
0.0600284
0.0339884
0.0259993
0.0620622
0.0494117
0.0423316
0.0370481
0.0603759
0.0586938
0.0354312
0.0628412
0.0337645
0.0608137
0.0255271
0.0634582
0.0344351
0.0628102
0.0325458
0.0473972
0.0544841
0.0372159
0.061311
0.0278744
0.0634822
0.0333001
0.0650659
0.0340656
0.0612419
0.0450712
0.0625341
0.0290913
0.0325675
0.0273839
0.0281403
0.0270092
0.0313041
0.0638341
0.035156
0.029007
0.0499569
0.0443498
0.0310271
0.0627074
0.0378474
0.0472103
0.0366134
0.046662
0.0352503
0.0678195
0.0368366
0.045214
0.033897
0.0521675
0.0392692
0.0440973
0.0982681
0.085953
0.0211392
0.0571446
0.0274262
0.0570509
0.0545746
0.0589007
0.0258199
0.0550993
0.038082
0.0558202
0.0346189
0.0415866
0.0612735
0.0544608
0.0298675
0.0238331
0.0577591
0.0301587
0.0563611
0.0340008
0.0531641
0.0280238
0.0509702
0.0438416
0.0570985
0.0558832
0.0535154
0.0533162
0.0607316
0.0217473
0.0311471
0.0227454
0.0574499
0.0270693
0.033419
0.0597425
0.0242831
0.0279906
0.0555243
0.0315195
0.0248676
0.0587005
0.0398119
0.0453156
0.0463797
0.0380666
0.0581371
0.022854
0.0555055
