0.0442092
0.0447939
0.0924482
0.0230423
0.0205286
0.0192891
0.0246918
0.0194295
0.0268449
0.0207175
0.0247471
0.0204918
0.0280201
0.0207987
0.0317869
0.0200513
0.034779
0.0203355
0.0247167
0.023806
0.0269102
0.0210158
0.0200811
0.026169
0.0261822
0.0304663
0.0201696
0.0285101
0.0222281
0.0208418
0.0216678
0.0232978
0.020728
0.0196594
0.0251692
0.0209591
0.0223082
0.0243537
0.0198639
0.0238146
0.0183194
0.0194895
0.0237705
0.0211575
0.0201986
0.0227933
0.0192426
0.0255455
0.0355337
0.0211339
0.0262374
0.0336927
0.0242018
0.0318965
0.0217437
0.0243441
0.0237794
0.0340734
0.0208276
0.0307182
0.0201397
0.0270587
0.0186427
0.0247331
0.019829
0.0239606
0.018201
0.0233182
0.0169831
0.0249542
0.0172365
0.0246802
0.0183225
0.0280108
0.0186798
0.0244507
0.0227133
0.0246771
0.0181603
0.0247519
0.019262
0.0178951
0.0255012
0.0218988
0.0225921
0.0200182
0.0238875
0.0210122
0.0170374
0.0274138
0.0201658
0.0218056
0.0194233
0.0167649
0.0188123
0.0200936
0.0204268
0.0226139
0.022622
0.0184835
0.0213828
0.0215398
0.0205351
0.0237578
0.0199448
0.0251945
0.0216504
0.0192203
0.0239164
0.0294768
0.0189153
0.0203824
0.0280043
0.0211185
0.0193872
0.030335
0.0239941
0.0257784
0.0199451
0.0249379
0.0294372
0.0227606
0.0205792
0.0273559
0.0269258
0.0201148
0.0195945
0.0249498
0.0230394
0.0235924
0.0202865
0.0287854
0.0219186
0.0224737
0.0199008
0.0277552
0.0237601
0.0333146
0.0225066
0.0254037
0.0203194
0.0255216
0.0167344
0.0219263
0.019692
0.0216077
0.0153878
0.0240672
0.0172064
0.0205784
0.0242026
0.0164963
0.0304802
0.0183948
0.0246979
0.0189255
0.0258561
0.0205508
0.0312384
0.0189914
0.0262287
0.023543
0.0333918
0.0218593
0.0246839
0.023701
0.0223034
0.0301681
0.0243652
0.019044
0.02605
0.0284993
0.0221234
0.0266232
0.0290169
0.0192292
0.026616
0.0286306
0.0210841
0.0225611
0.0285302
0.0206728
0.0205867
0.0301221
0.0190461
0.0276919
0.0206074
0.018623
0.0233895
0.0211951
0.0196996
0.024309
0.0178759
0.0177514
0.0246492
0.0177336
0.0196376
0.0249371
0.0190925
0.0194305
0.0267383
0.018533
0.0240791
0.0204972
0.0243496
0.0196381
0.0269583
0.0211438
0.0316086
0.021006
0.027879
0.0240217
0.0291143
0.0239417
0.0251304
0.0233199
0.0294166
0.0211161
0.0324471
0.0213219
0.0280376
0.0305779
0.0252465
0.0333128
0.0227122
0.0263141
0.0205714
0.032209
0.0233216
0.0271761
0.0208886
0.0247307
0.0255944
0.0286281
0.0198237
0.028087
0.0211162
0.0226185
0.0203344
0.022873
0.0214606
0.0216245
0.0243696
0.0192503
0.0224952
0.0216143
0.0206941
0.0215895
0.0224496
0.0292619
0.0215191
0.0205157
0.0191845
0.0292472
0.0246502
0.0232076
0.0227044
0.0186109
0.0294278
0.02139
0.0262178
0.023856
0.0278871
0.022645
0.0247623
0.0249162
0.02414
0.0206877
0.0243804
0.0211654
0.0245701
0.025114
0.0367457
0.0198708
0.0254399
0.0235829
0.0186429
0.0308458
0.0227156
0.0224766
0.0217266
0.0209945
0.0278641
0.0228398
0.0184924
0.0272878
0.0245786
0.019061
0.0287146
0.0218402
0.0264899
0.0264862
0.0262846
0.0243083
0.0292337
0.0211179
0.0241789
0.0228452
0.0174627
0.0226895
0.0193452
0.0219842
0.020923
0.0190842
0.0218962
0.0190702
0.0236948
0.0198689
0.0180832
0.0215272
0.025138
0.0224284
0.0208763
0.0235139
0.0191887
0.0240697
0.0198093
0.0213181
0.0221269
0.0248496
0.0234052
0.0236387
0.0235954
0.0242113
0.0208827
0.0259568
0.0220244
0.0227941
0.0222013
0.0217699
0.0221744
0.0196419
0.0214129
0.021103
0.0197275
0.0241268
0.0211912
0.0195752
0.0217426
0.023609
0.0189997
0.0209735
0.019891
0.0184302
0.0222701
0.0210431
0.0214302
0.019858
0.0228481
0.0218023
0.0218165
0.01984
0.0212805
0.0207212
0.0299945
0.0260944
0.0203322
0.0210204
0.02326
0.0188517
0.0192504
0.0185768
0.0197512
0.018766
0.0175751
0.019561
0.0179642
0.0191385
0.0213246
0.0180244
0.0182111
0.0175361
0.0186143
0.0187391
0.016903
0.0167584
0.0173292
0.0181806
0.0253108
0.0173027
0.0176953
0.015782
0.0245956
0.0178207
0.017561
0.0177687
0.0163963
0.0277305
0.0199448
0.0166635
0.0176398
0.0282698
0.0176864
0.0177442
0.0200182
0.0172658
0.0247025
0.0208865
0.0167003
0.0169948
0.0178428
0.0229241
0.0250827
0.0169625
0.016945
0.0162362
0.0188557
0.0256632
0.0180849
0.0185097
0.0149628
0.0155104
0.0197969
0.021768
0.019117
0.0276529
0.0185391
0.0177405
0.0175281
0.0286952
0.0225589
0.0207717
0.0244464
0.0269162
0.0203659
0.0255227
0.0198823
0.0338232
0.021814
0.0256845
0.0251099
0.0313832
0.020649
0.0271799
0.0202452
0.0228147
0.0258722
0.0246792
0.01909
0.0270575
0.0200406
0.0239465
0.0198774
0.0274096
0.0215914
0.0191043
0.0271745
0.0207047
0.0184625
0.0304197
0.0231227
0.0316942
0.0245058
0.0297589
0.0249292
0.0213991
0.0227884
0.0216397
0.0187893
0.0217201
0.0217456
0.0263794
0.0172824
0.0234904
0.0239312
0.0157933
0.0217469
0.0230704
0.016648
0.0275747
0.0195478
0.0239525
0.0248949
0.0174787
0.024279
0.0273854
0.0242175
0.0256683
0.0227111
0.0264555
0.018689
0.0282733
0.0195638
0.021686
0.0299426
0.0181517
0.0247465
0.0223898
0.0206438
0.0236389
0.0267466
0.0173326
0.0228329
0.0228984
0.022179
0.019757
0.0237225
0.025279
0.0242777
0.0279588
0.0186176
0.0202703
0.0227863
0.0243431
0.023142
0.0217675
0.0223187
0.0224115
0.0219789
0.0245006
0.0190652
0.0217695
0.0229437
0.0204396
0.022338
0.0280638
0.0209473
0.0285488
0.0235353
0.0191859
0.0212692
0.0229315
0.0280453
0.0186738
0.023538
0.0284447
0.0212014
0.0228951
0.0256914
0.0262296
0.0240988
0.0205084
0.0268349
0.023637
0.0267116
0.0223813
0.0250315
0.0211967
0.020849
0.0226128
0.0211317
0.0210898
0.022224
0.026429
0.0232356
0.0202371
0.0203744
0.0200519
0.0195289
0.0214419
0.018807
0.0222258
0.0168871
0.0202658
0.0203154
0.021391
0.0192322
0.0209463
0.016859
0.022841
0.0207371
0.0275213
0.0194275
0.017565
0.0186317
0.0245313
0.0176695
0.0262934
0.0205833
0.0236997
0.0218634
0.0292103
0.0231795
0.021716
0.0210939
0.0189351
0.0252778
0.0187798
0.0279776
0.0173102
0.0247087
0.0208825
0.0269644
0.0212835
0.0218227
0.0327878
0.018506
0.0206954
0.0270224
0.0185331
0.0267535
0.02473
0.0181285
0.0286906
0.0193119
0.0230037
0.0184445
0.0195313
0.0171575
0.020316
0.0201158
0.0231746
0.0239969
0.0167158
0.0218542
0.0180725
0.0245304
0.0168731
0.0221283
0.0197433
0.0209163
0.0169473
0.0227967
0.0180693
0.0173893
0.0248659
0.0170334
0.0268708
0.0222685
0.0181723
0.0250202
0.0334181
0.0164882
0.024622
0.0178974
0.0180634
0.0291333
0.0235416
0.0285369
0.0180685
0.0214065
0.0314262
0.0187178
0.0225521
0.0337749
0.0161621
0.0287555
0.0179585
0.0346141
0.0225337
0.0332638
0.0271988
0.0233718
0.0207028
0.045285
0.048968
0.0248598
0.0238977
0.0311914
0.0182628
0.0259115
0.0197903
0.0248841
0.0199176
0.0255851
0.0257663
0.0254334
0.0258064
0.0224555
0.0224297
0.0381094
0.0201857
0.0267428
0.0316138
0.0319217
0.0333238
0.0274619
0.0250274
0.0272772
0.0220131
0.02752
0.0254048
0.0202251
0.0243696
0.0205199
0.0298223
0.02999
0.0175542
0.0347697
0.0269735
0.0179849
0.0178206
0.022587
0.0232832
0.0189283
0.0174218
0.0168269
0.0263833
0.0295573
0.0170897
0.0191124
0.0196281
0.0222233
0.0253602
0.0199701
0.0228557
0.026204
0.0221992
0.0232322
0.0251777
0.0261296
0.0250424
0.0191
0.0256955
0.0262925
0.0221251
0.0237987
0.0259364
0.0308191
0.0180151
0.0280802
0.0298276
0.022082
0.0275814
0.0214762
0.0298743
0.0195529
0.0286769
0.0262704
0.0262294
0.0216063
0.0232137
0.0218401
0.0229396
0.0222844
0.0254503
0.0203197
0.024041
0.024833
0.0260969
0.0243385
0.0260518
0.0241187
0.0178875
0.0221926
0.0236699
0.0217359
0.0177555
0.0340722
0.0178811
0.0251389
0.0217743
0.0313933
0.018441
0.0213153
0.0240119
0.0229271
0.0185718
0.0250331
0.0173511
0.0210847
0.019655
0.0208547
0.0189847
0.0179883
0.0174508
0.0213829
0.0184355
0.0269996
0.0186487
0.0265895
0.0238993
0.0179583
0.026311
0.021417
0.0241289
0.0268599
0.026278
0.0272688
0.0263762
0.0233166
0.0316685
0.0237357
0.0335985
0.0208674
0.0205638
0.0286853
0.0266981
0.0271889
0.0297276
0.0190823
0.0248867
0.0245335
0.0228875
0.0353075
0.0199678
0.0211874
0.0308771
0.0254442
0.0210346
0.0271483
0.0340655
0.023682
0.0245888
0.0270018
0.0197481
0.0227923
0.0287246
0.0206257
0.0332639
0.026412
0.0213941
0.0223932
0.0396668
0.0244867
0.0289496
0.0314671
0.0285735
0.0313454
0.0268847
0.0256247
0.022341
0.0209317
0.0164915
0.0284233
0.0194157
0.0209229
0.029163
0.0229909
0.0198656
0.0224275
0.0308079
0.0183777
0.0224689
0.0229862
0.0169668
0.0247923
0.0198444
0.0240007
0.0231627
0.0313902
0.020081
0.0180414
0.0249783
0.0241834
0.0248225
0.0249406
0.0240414
0.0222148
0.0198083
0.0331442
0.0171009
0.0260052
0.0250929
0.0235083
0.0205586
0.0197217
0.0309148
0.0206174
0.0188515
0.0233339
0.0227366
0.0196548
0.024147
0.0258545
0.0295396
0.0238138
0.0183295
0.0236303
0.0189709
0.0263551
0.0197502
0.0182427
0.0203271
0.0213798
0.0242807
0.027786
0.0236442
0.0179571
0.026261
0.0208303
0.0258476
0.0261518
0.0208883
0.022592
0.0284003
0.0335094
0.0218997
0.0311404
0.019732
0.028091
0.024729
0.0196006
0.0298411
0.0301406
0.0255139
0.0223472
0.0240408
0.0291795
0.0224661
0.0202994
0.0271902
0.0222159
0.0290661
0.0268782
0.0280673
0.0341961
0.0293071
0.0244091
0.0209331
0.0202888
0.0323365
0.0271093
0.0222874
0.0340421
0.0187391
0.027391
0.023983
0.0166882
0.0233408
0.0183099
0.0179007
0.0287636
0.0188557
0.0177036
0.0278987
0.0177597
0.0257904
0.0166325
0.0258796
0.0193813
0.0240191
0.0207361
0.0267118
0.017339
0.0255272
0.019763
0.023491
0.019132
0.0178148
0.0252689
0.0211775
0.0228365
0.0247421
0.02798
0.0187673
0.0250663
0.0232953
0.0181133
0.0254424
0.0227262
0.050401
0.0388556
0.0277576
0.0364668
0.0731012
0.0306665
0.0268695
0.0186824
0.0174496
0.0195656
0.0175004
0.0159934
0.022014
0.023702
0.0250728
0.0173646
0.0238606
0.0204509
0.0269199
0.0152021
0.0196706
0.0176527
0.0161056
0.0182587
0.0305619
0.0263312
0.0193854
0.0241271
0.0297052
0.0232454
0.0238927
0.0244527
0.0190997
0.0214533
0.0255978
0.0228005
0.0211033
0.0180227
0.0261114
0.0233072
0.026168
0.0278154
0.0339982
0.0184537
0.0313442
0.020532
0.0233818
0.0191238
0.0172552
0.0293787
0.0182059
0.0181969
0.0217199
0.0242997
0.016891
0.0209509
0.0211968
0.0198537
0.0202513
0.0200144
0.0180465
0.0207594
0.0234949
0.019878
0.0222756
0.0318778
0.0200886
0.0241745
0.024704
0.0208431
0.0229105
0.0185594
0.0167012
0.0257564
0.0217626
0.0224577
0.0297904
0.0187056
0.0215815
0.02056
0.0242995
0.0231553
0.0263709
0.0266533
0.0180941
0.0227717
0.0208126
0.0248455
0.0179318
0.02616
0.0215817
0.0348672
0.0212017
0.0296758
0.0203251
0.0239611
0.021033
0.0230204
0.0234095
0.0209119
0.0167892
0.0302033
0.0186216
0.0163685
0.0247318
0.023289
0.0257262
0.0211606
0.0194153
0.0246876
0.0172879
0.0221917
0.0181335
0.0152829
0.0268473
0.0190116
0.0145984
0.0229577
0.0180344
0.0292628
0.0188846
0.0207199
0.0228951
0.0305832
0.018497
0.0187133
0.0313736
0.0173686
0.0261015
0.0216047
0.0238583
0.0225977
0.0281739
0.0193681
0.0253088
0.0220817
0.0179242
0.0230621
0.018088
0.0255282
0.0205623
0.0238499
0.0210147
0.0224242
0.0188229
0.0232331
0.0200865
0.0263694
0.0191139
0.0197171
0.0167144
0.0161309
0.0188078
0.0180713
0.0186839
0.0169079
0.017538
0.0200804
0.0173746
0.028708
0.0179174
0.0175068
0.0225549
0.0209549
0.0191928
0.0215277
0.0225771
0.0203832
0.0199673
0.0197565
0.0208249
0.0190998
0.0287618
0.0215019
0.0248595
0.0223178
0.0266177
0.0200165
0.0310069
0.0181902
0.0281899
0.0216354
0.0231557
0.0214521
0.0222502
0.019504
0.0299441
0.0180159
0.0238994
0.0261896
0.0234171
0.0234809
0.0237729
0.0221096
0.0272487
0.0263397
0.0337662
0.0204039
0.0260479
0.0215136
0.0219147
0.0238698
0.0211032
0.021134
0.0193267
0.0191489
0.0189318
0.0209979
0.0209051
0.0203647
0.0191719
0.0267765
0.0184261
0.0212845
0.0205063
0.0184159
0.0231307
0.0177656
0.0208541
0.018563
0.0176076
0.0240478
0.0165928
0.0188133
0.020509
0.0161245
0.015814
0.0164189
0.0186644
0.0170802
0.0166306
0.0164176
0.0153663
0.0217724
0.0172176
0.0190073
0.0169236
0.0165034
0.0213652
0.0180126
0.0227873
0.0159916
0.0189907
0.0167993
0.0227715
0.0170232
0.016255
0.0161469
0.01704
0.0159639
0.0199501
0.0169101
0.0176029
0.0158802
0.016707
0.0207188
0.0228662
0.0201613
0.0175196
0.0201344
0.0204922
0.0219016
0.0171037
0.0216037
0.0208862
0.0255254
0.0177682
0.0211542
0.0212512
0.0236883
0.0240405
0.0325975
0.0175554
0.0341764
0.0177733
0.0335457
0.0214004
0.022718
0.0241438
0.0291205
0.0233629
0.0260065
0.0194358
0.0167524
0.0301792
0.0228871
0.0210659
0.0210731
0.0164698
0.0261043
0.0180248
0.0228517
0.0275899
0.0166217
0.0251886
0.0227503
0.0203149
0.0179918
0.0180932
0.0222326
0.0160136
0.0265516
0.0227563
0.021561
0.0208709
0.0164054
0.0282291
0.0216222
0.0180744
0.0204796
0.0260896
0.0175906
0.0234046
0.0202192
0.0184007
0.021516
0.0289831
0.0267493
0.021313
0.0176546
0.0210947
0.0255076
0.0197154
0.0316257
0.0228689
0.0167906
0.0207002
0.0259238
0.0195962
0.0227646
0.0220314
0.016974
0.0186873
0.0191573
0.0196196
0.0219244
0.0187705
0.0223106
0.0234446
0.0162848
0.0269908
0.0219835
0.0176046
0.0153936
0.0243034
0.0184891
0.0242594
0.0162613
0.0166346
0.0273731
0.0189683
0.0187799
0.0213763
0.0245452
0.0188258
0.0234478
0.0170159
0.0206983
0.0206838
0.0191612
0.0244321
0.0300711
0.0172277
0.0230305
0.0219816
0.0226559
0.0190108
0.0169454
0.0286732
0.0189003
0.0204046
0.0246333
0.0261421
0.0194196
0.0265606
0.0310603
0.0197686
0.0284054
0.0213067
0.0248535
0.0217282
0.035972
0.0194021
0.0250255
0.0230803
0.0231582
0.0203317
0.0237254
0.0180151
0.0239944
0.0218534
0.0273207
0.0240858
0.0339553
0.0179014
0.0256322
0.0395596
0.0286464
0.0305999
0.0264882
0.0452671
0.0458038
0.0303568
0.0269564
0.0239505
0.0287062
0.0248415
0.0240249
0.0272768
0.044015
0.0494547
0.0359224
0.0442356
0.0240467
0.0235747
0.0311841
0.0313106
0.022339
0.0238677
0.0242013
0.0245221
0.0261064
0.0253094
0.0378004
0.0272592
0.0232574
0.0233245
0.0313191
0.0495692
0.024136
0.0289169
0.0470846
0.0227093
0.0227332
0.0237847
0.0475296
0.0260518
0.0226302
0.0323581
0.0579715
0.0302396
0.0238222
0.0611186
0.0272119
0.0226382
0.0549558
0.0261828
0.0255678
0.0253589
0.0429077
0.0263562
0.0256147
0.0241348
0.0489274
0.0232265
0.0236941
0.0369128
0.0394889
0.0275554
0.0251215
0.0444219
0.0330176
0.0296286
0.0358962
0.0247508
0.0256104
0.0250377
0.0310414
0.0232553
0.0237651
0.0240734
0.0234508
0.0235531
0.0282253
0.0238095
0.0234255
0.030056
0.0213129
0.0236704
0.0260193
0.0214108
0.0227442
0.0209434
0.0202656
0.0256925
0.0194466
0.0236353
0.0283123
0.0204064
0.0227161
0.019986
0.021891
0.0303907
0.0208876
0.0253803
0.0230571
0.0210517
0.0223526
0.0219366
0.0233223
0.0213245
0.0221161
0.023717
0.0257982
0.0220931
0.0240121
0.0263064
0.0224324
0.0296444
0.0249662
0.0210545
0.0227084
0.0230102
0.0214217
0.0225782
0.0222485
0.0235025
0.0226249
0.0215258
0.0244279
0.02342
0.0223514
0.0231441
0.0264351
0.0228816
0.0241219
0.0261634
0.0217301
0.0239804
0.0271415
0.0231055
0.0239549
0.0267781
0.022513
0.0223368
0.0270209
0.0222212
0.0232711
0.0288316
0.0226924
0.0218593
0.0271162
0.0214328
0.0222002
0.0279029
0.0217091
0.0231529
0.0219348
0.0242635
0.0218633
0.0217186
0.0227217
0.0248931
0.0207476
0.0258993
0.0253504
0.0200639
0.0219279
0.0208309
0.0260376
0.0228254
0.0226506
0.0227158
0.025002
0.022435
0.0225097
0.029605
0.0241016
0.0302734
0.0260735
0.0338796
0.0280275
0.0317369
0.0320197
0.0258397
0.0241568
0.0254495
0.0245866
0.0296062
0.0326914
0.0459934
0.023963
0.0239237
0.0301409
0.0219333
0.0263768
0.0370034
0.0387557
0.0261505
0.0227293
0.0272798
0.0384507
0.0353339
0.0253542
0.0238147
0.0231217
0.0240208
0.0311043
0.0323959
0.0307173
0.0260537
0.0239492
0.026382
0.0325949
0.0376721
0.0346922
0.024313
0.0263607
0.0377418
0.0359318
0.0255264
0.0220924
0.025524
0.0323785
0.0451699
0.0240217
0.0221598
0.0358519
0.0352469
0.02811
0.0208585
0.0237428
0.0312087
0.0245725
0.0305604
0.0218277
0.0236051
0.0267453
0.0216764
0.0263379
0.0183526
0.0216617
0.0205141
0.0190597
0.0196486
0.0235615
0.0226081
0.0213764
0.0246596
0.0199583
0.0214051
0.024107
0.0220078
0.0193393
0.0189636
0.0213749
0.0206303
0.0249163
0.0215949
0.0257517
0.0256607
0.0224138
0.0225041
0.0246108
0.0311543
0.0297081
0.025799
0.0226625
0.0253268
0.020538
0.0312226
0.0247838
0.030796
0.0225276
0.0259765
0.0247662
0.0308205
0.0230778
0.0276435
0.020743
0.0276308
0.0202991
0.0250467
0.024961
0.0302168
0.019584
0.0233455
0.019286
0.0250863
0.0207242
0.0177334
0.028587
0.0167243
0.018353
0.0185117
0.0201434
0.0218641
0.0189889
0.0196466
0.0197812
0.0187176
0.0203698
0.0191511
0.016873
0.0225049
0.0157962
0.0174259
0.017283
0.0184272
0.0163277
0.0166337
0.0162188
0.0213405
0.0154829
0.0178769
0.0166611
0.0227801
0.0166042
0.0189162
0.0168084
0.0218093
0.020744
0.0169298
0.0271149
0.0168098
0.0236784
0.0167167
0.0205567
0.0170659
0.0232177
0.0196128
0.0211411
0.0199449
0.0201421
0.0182492
0.0233046
0.0189689
0.0162593
0.0168564
0.0200955
0.022284
0.0186676
0.0212563
0.0182098
0.0164627
0.0245261
0.0164935
0.0243199
0.0187515
0.0266255
0.0217359
0.0213895
0.0184533
0.0174763
0.0259646
0.023539
0.0216599
0.0194992
0.0187457
0.0237987
0.016795
0.0303677
0.0217605
0.0166581
0.0274985
0.0195526
0.031431
0.0203663
0.0170824
0.0245632
0.0192985
0.0257943
0.0212087
0.0224756
0.020041
0.023762
0.0187831
0.0302956
0.0180911
0.0250492
0.02683
0.0251757
0.0222702
0.036631
0.019421
0.026539
0.0207893
0.0318517
0.0194272
0.0269507
0.0216064
0.0296028
0.0208066
0.0250971
0.0195392
0.0214159
0.0255969
0.0220374
0.0321662
0.0304318
0.0229265
0.0204094
0.0253102
0.0238664
0.0282984
0.0194068
0.0246803
0.0226694
0.0252738
0.0238574
0.0315461
0.0202677
0.0288547
0.0232684
0.0283138
0.0212928
0.0206579
0.0271808
0.022587
0.0253981
0.0224921
0.0206893
0.0223793
0.0234075
0.0202304
0.0221083
0.0230599
0.0243723
0.019749
0.0250416
0.019587
0.0245807
0.0215407
0.0235233
0.0265681
0.0319017
0.0191955
0.0233434
0.0241058
0.0239607
0.0194399
0.0214133
0.0208835
0.0241473
0.0181271
0.0219458
0.0254691
0.027665
0.0247016
0.0197152
0.0178097
0.0208551
0.0233648
0.0208569
0.0178985
0.0176379
0.017592
0.0271534
0.0306904
0.0186595
0.0194017
0.0179494
0.0294902
0.0243657
0.0198003
0.0259203
0.02384
0.0190131
0.018562
0.0353677
0.0176318
0.0188476
0.0167254
0.0183963
0.0172434
0.0181026
0.0233794
0.021537
0.0164562
0.0192308
0.019859
0.0211708
0.0234149
0.0205004
0.0198165
0.0202514
0.0213413
0.0315138
0.0202729
0.0195573
0.0236749
0.0177687
0.0212638
0.0433214
0.0232254
0.020882
0.0277677
0.0187401
0.01945
0.025293
0.0224641
0.0313736
0.0183003
0.0283382
0.0214344
0.0194517
0.0248487
0.0190011
0.0249666
0.0237715
0.0230943
0.0260306
0.0253792
0.0207389
0.0250756
0.0211123
0.0228022
0.0237233
0.0296983
0.0202908
0.0244936
0.0176187
0.0196983
0.0275609
0.0176858
0.0310791
0.0222299
0.015322
0.0300847
0.0169778
0.0199928
0.031528
0.0176944
0.0222999
0.0213869
0.0156593
0.0184959
0.0215941
0.015312
0.0182583
0.0160001
0.0174807
0.0188358
0.0177189
0.015824
0.020656
0.0163661
0.0229489
0.0160407
0.0206856
0.0161198
0.0209863
0.0166502
0.0211445
0.0157256
0.0158025
0.0183609
0.0230969
0.0205459
0.0199052
0.020133
0.0155212
0.0186827
0.0159319
0.0175529
0.0193393
0.0180107
0.0185347
0.0186157
0.0220509
0.0180621
0.0214961
0.0241433
0.020273
0.0185551
0.0337261
0.0266658
0.0224427
0.0200368
0.0217831
0.0292993
0.0187075
0.020634
0.0344188
0.0281274
0.0184053
0.0213902
0.0324007
0.0203069
0.0218468
0.0243542
0.021938
0.0187467
0.0239425
0.0172674
0.019322
0.0227284
0.0187857
0.0206774
0.0202188
0.0198313
0.0263587
0.0205567
0.0208895
0.0170165
0.0221665
0.0168204
0.0203446
0.020173
0.0208823
0.0218526
0.0196243
0.0198799
0.0206182
0.0203434
0.0174053
0.0212055
0.0246545
0.0176409
0.0198188
0.0226872
0.019016
0.0195988
0.0194131
0.0168659
0.0209503
0.0192319
0.0234762
0.0232498
0.0237739
0.0200281
0.020802
0.023837
0.0154204
0.0216857
0.0185998
0.0206657
0.0225769
0.0166495
0.0258546
0.0181357
0.0206006
0.0177369
0.0216363
0.0187468
0.0247958
0.0229748
0.016157
0.0217951
0.0210428
0.0273489
0.0187687
0.0219769
0.0188569
0.0199712
0.0178669
0.0217891
0.021742
0.0154728
0.023734
0.0190186
0.01588
0.0423375
0.0149431
0.0259252
0.0191602
0.0228638
0.0192073
0.0172232
0.0254115
0.0177074
0.0170904
0.031388
0.0160466
0.0242206
0.0199271
0.0185729
0.0267088
0.0220555
0.0228018
0.0225432
0.0261923
0.0339358
0.017977
0.0268382
0.0278567
0.0226438
0.0265357
0.0243189
0.0187979
0.0208177
0.0218525
0.0245885
0.0176183
0.0253935
0.0214035
0.0165031
0.0207558
0.0249539
0.0222902
0.0159131
0.022477
0.0281559
0.0186872
0.0225336
0.0340064
0.0187993
0.0216744
0.0342129
0.0209503
0.021463
0.0252558
0.0208575
0.0189784
0.0188968
0.0230129
0.0222038
0.0273251
0.0171726
0.0192562
0.0194329
0.0205123
0.0184441
0.0190214
0.0170763
0.0178655
0.0189874
0.0247601
0.0226588
0.0215667
0.0198264
0.0207787
0.0179846
0.0171225
0.0173172
0.0170155
0.0187672
0.0179059
0.0179925
0.0180999
0.0215891
0.0178995
0.0176588
0.0175633
0.0187547
0.0228966
0.0192491
0.0164075
0.0226961
0.0167276
0.0179722
0.0314715
0.0178656
0.0299601
0.0177852
0.0184764
0.0236828
0.0186518
0.0171019
0.0273155
0.0199191
0.0265538
0.0213088
0.0362713
0.0183204
0.0301936
0.0257215
0.0188835
0.0273389
0.024194
0.0282336
0.0212901
0.0251337
0.0239502
0.0262716
0.0207128
0.0241921
0.0250812
0.0220917
0.0222606
0.0174397
0.0238488
0.0217668
0.0229599
0.0213461
0.0187469
0.0314176
0.025407
0.0180933
0.0290017
0.0184014
0.0275417
0.0189009
0.0228366
0.0189911
0.0230593
0.0194985
0.0345571
0.0188916
0.0279861
0.020834
0.0249284
0.0233924
0.0231528
0.0264113
0.0242558
0.0223664
0.0234151
0.0170674
0.0239636
0.0276712
0.0206677
0.0212439
0.0297338
0.0220312
0.021745
0.019673
0.0242829
0.0191248
0.0244754
0.022335
0.0187521
0.0235299
0.019326
0.0191664
0.0199658
0.0174498
0.0190266
0.0174965
0.0189717
0.021008
0.0200037
0.0194748
0.0215408
0.018529
0.0201633
0.0186252
0.0201687
0.0188956
0.0213151
0.0187086
0.0217343
0.0188177
0.0199769
0.0190714
0.0256998
0.0195611
0.0212732
0.0219943
0.0200456
0.0180104
0.0200677
0.0177393
0.0172042
0.0175475
0.0167398
0.0159899
0.0169141
0.0176675
0.0185974
0.0173364
0.0160224
0.0183907
0.0176075
0.0160854
0.0170883
0.0158595
0.0162548
0.0184624
0.0207505
0.0161445
0.0174974
0.0171944
0.0171343
0.0192402
0.0185126
0.0222471
0.0180743
0.0209615
0.017212
0.0266442
0.0172002
0.0189273
0.0224624
0.0188203
0.0173612
0.0244347
0.0171262
0.0227878
0.0166959
0.0252451
0.0224699
0.0225525
0.0192172
0.0211504
0.0182521
0.0224203
0.028153
0.0217446
0.0195562
0.020449
0.0199947
0.023334
0.0194204
0.020742
0.0215603
0.0212783
0.0186493
0.0178737
0.0184657
0.0182137
0.0178771
0.0187563
0.0165961
0.0175838
0.017394
0.0188807
0.020212
0.0178482
0.0213662
0.0172919
0.0169043
0.0174781
0.0196601
0.0176249
0.0197669
0.0168817
0.0170382
0.0167582
0.0154874
0.0169071
0.0169334
0.0177916
0.0161709
0.0187428
0.0187725
0.0233596
0.0249577
0.0166937
0.0208044
0.019525
0.0185505
0.0175759
0.018995
0.0189863
0.0198568
0.0184953
0.0270309
0.0180109
0.0216593
0.0169071
0.0206913
0.0175652
0.0243763
0.0164155
0.0211796
0.0202586
0.0171323
0.0336804
0.0167583
0.0169072
0.0218366
0.0251275
0.0229711
0.0173037
0.0280679
0.0200905
0.0174859
0.0174598
0.0292281
0.0199771
0.0181354
0.0338883
0.0189365
0.0198316
0.0243837
0.0217032
0.0223673
0.0272733
0.0248672
0.0244484
0.0281725
0.0242148
0.0265112
0.0199617
0.0292465
0.0299494
0.0231128
0.0230657
0.0332617
0.0217727
0.0314842
0.0219548
0.0288232
0.0263746
0.0230939
0.0313204
0.0219974
0.0260396
0.0224278
0.0243374
0.029981
0.0212097
0.0251246
0.0317233
0.0219927
0.0228039
0.0285009
0.0229348
0.0235617
0.0217828
0.0218988
0.0278138
0.0221507
0.0229535
0.0210028
0.0216713
0.0269914
0.0233452
0.0223193
0.0210499
0.0214607
0.0260923
0.0310726
0.0250683
0.029142
0.0225978
0.0215144
0.0215356
0.0268786
0.0228248
0.0224146
0.022817
0.0224058
0.0239161
0.0249159
0.0226462
0.0215049
0.021355
0.0242057
0.0249346
0.0227489
0.0225587
0.022412
0.0222819
0.0250712
0.0226146
0.0228479
0.027908
0.0224518
0.0228364
0.0218628
0.0227462
0.0255677
0.0222361
0.0227608
0.0223018
0.0228266
0.0327858
0.0206625
0.0216702
0.0367055
0.0230385
0.0233605
0.0232388
0.023177
0.0227295
0.0383089
0.0216877
0.0210647
0.0285316
0.0207871
0.0268039
0.0284932
0.0223262
0.02899
0.0382237
0.0209757
0.022768
0.0416649
0.0249513
0.023151
0.0340691
0.0214986
0.0226228
0.0306552
0.0207227
0.0326818
0.0272883
0.0184339
0.0245374
0.0212298
0.0173738
0.0217501
0.0265473
0.0199673
0.019738
0.0189735
0.0219672
0.0184887
0.016463
0.0214566
0.0317988
0.020834
0.0327318
0.0311307
0.0380243
0.0281562
0.0247654
0.0415617
0.027338
0.0305053
0.0237538
0.0226135
0.051912
0.0243229
0.023774
0.0359281
0.0234379
0.0252489
0.0362936
0.0233092
0.0237043
0.027314
0.0232878
0.0289938
0.0475916
0.0277423
0.0238216
0.0235372
0.0353818
0.0314931
0.0287099
0.0243925
0.0237317
0.026257
0.0281269
0.0233131
0.0589744
0.0285333
0.0252014
0.0239049
0.0235627
0.0434225
0.0249538
0.0344457
0.0484021
0.026896
0.0249826
0.0223159
0.0293386
0.0226837
0.0455881
0.0357376
0.0356838
0.0213808
0.02422
0.0343545
0.0212161
0.0268644
0.048347
0.0236925
0.0240389
0.0227577
0.0243713
0.0256238
0.0270562
0.0526616
0.0340164
0.0235676
0.0240523
0.0254951
0.0421517
0.0392307
0.0384047
0.0290271
0.033548
0.0311361
0.0279197
0.0300543
0.0285869
0.0541646
0.0459775
0.0341109
0.0285476
0.0270258
0.0255817
0.0411537
0.0442929
0.0265642
0.0191564
0.0201266
0.0251026
0.0243074
0.0210678
0.0203927
0.0329778
0.0392101
0.0366755
0.0219288
0.0369689
0.0196573
0.0233001
0.0251764
0.0284334
0.0233348
0.0183578
0.0211767
0.0204706
0.0220458
0.0192582
0.0213525
0.0189932
0.0235638
0.0181562
0.0192056
0.0212829
0.0192246
0.0161803
0.0192427
0.0170586
0.0196447
0.0169454
0.0192978
0.0169999
0.0269035
0.0193932
0.021771
0.0190391
0.0167365
0.0152281
0.0231863
0.0174032
0.0185574
0.0170153
0.0172417
0.0162776
0.0165106
0.0223273
0.019319
0.0170627
0.0227242
0.0250736
0.0179015
0.0200791
0.0197691
0.0208176
0.0172919
0.0261118
0.0169079
0.0198394
0.0214222
0.0183329
0.0212766
0.0193786
0.016545
0.026551
0.0173063
0.0231379
0.0293542
0.0258368
0.0187626
0.0206904
0.0209673
0.0210304
0.0220061
0.0370045
0.0311635
0.0458604
0.0298012
0.0299756
0.0266614
0.0405204
0.0344675
0.0266622
0.0379072
0.0250165
0.0311828
0.0281394
0.0308364
0.0272437
0.0300195
0.0353613
0.033047
0.0287745
0.0320224
0.0262128
0.0279857
0.045633
0.0277969
0.0254002
0.0365028
0.0298675
0.0402495
0.0441771
0.0296801
0.0274881
0.0258062
0.0353513
0.0336774
0.027137
0.0270341
0.0297975
0.0267303
0.0223682
0.0249849
0.0250819
0.0228828
0.0230813
0.026306
0.0181106
0.0296032
0.0330435
0.0208354
0.0225385
0.0235434
0.0260106
0.0206649
0.0234178
0.0244366
0.0199717
0.0332648
0.0288645
0.0293305
0.0237414
0.0193462
0.0229346
0.0179701
0.0208697
0.0165406
0.0208561
0.0175246
0.0359735
0.0300433
0.0250488
0.0289469
0.0197151
0.0196633
0.0182467
0.0217082
0.0189633
0.0223441
0.0417756
0.0406664
0.0238976
0.0409168
0.0275597
0.0225403
0.0503347
0.0274844
0.0389692
0.0353787
0.0237672
0.0312619
0.0202881
0.0280228
0.0315585
0.0214039
0.0519857
0.0401936
0.0296662
0.0256334
0.0315873
0.0240573
0.0223291
0.0329827
0.0234223
0.0366641
0.0317636
0.0291313
0.0194659
0.0229048
0.0239459
0.0193333
0.0274378
0.0329065
0.0520107
0.0285724
0.0297193
0.0248653
0.0261019
0.029511
0.0247885
0.0259307
0.0474288
0.0398874
0.0255495
0.0251698
0.0231213
0.0237119
0.0223096
0.0202056
0.0244395
0.039203
0.0371534
0.0227383
0.0262435
0.0347035
0.0228205
0.0231318
0.0373302
0.0378806
0.0220564
0.0337912
0.0212657
0.0201958
0.0448155
0.0209912
0.0196171
0.0170976
0.0220987
0.0192096
0.0218785
0.0184225
0.0214397
0.017005
0.0223846
0.0231141
0.024025
0.021178
0.0267644
0.0220335
0.0297577
0.0194582
0.0245216
0.0214952
0.0271582
0.0215653
0.0260091
0.0263031
