0.000000 0.000000 -16.048291 -24.744563
-0.007832 1.689225 -16.103519 -22.516397
-0.029694 3.390281 -16.171390 -20.985253
-0.070081 5.150463 -16.264657 -18.784227
-0.123858 6.989627 -16.342423 -16.887299
-0.184475 8.978383 -16.465665 -14.695773
-0.253794 11.064230 -16.573015 -12.546038
-0.296212 13.335200 -16.697293 -10.217693
-0.345120 15.748820 -16.858416 -7.439593
-0.368644 18.288060 -16.979057 -4.800752
-0.406558 20.990620 -17.119822 -1.911188
-0.450732 23.849210 -17.254843 1.051428
-0.505576 26.794890 -17.431705 4.182006
-0.567916 29.817300 -17.569438 7.384268
-0.634186 32.902500 -17.721902 10.262589
-0.704629 36.067260 -17.936757 13.563069
-0.763742 39.276990 -18.148609 17.148836
-0.840559 42.506460 -18.377284 20.542572
-0.944805 45.707290 -18.580219 24.209470
-1.050114 48.934630 -18.778136 27.198775
-1.142897 52.159540 -19.014219 31.016999
-1.248790 55.372460 -19.174953 34.263894
-1.352181 58.600620 -19.388733 37.789644
-1.444555 61.847430 -19.562576 41.085332
-1.528092 65.085270 -19.783323 44.624499
-1.623511 68.349680 -19.976289 47.926904
-1.697570 71.605970 -20.184760 51.476651
-1.784427 74.842930 -20.395205 54.924010
-1.892754 78.044640 -20.576045 58.172686
-2.009246 81.241000 -20.822919 61.379176
-2.118145 84.381460 -21.035126 64.914813
-2.224921 87.410700 -21.279991 68.013833
-2.344772 90.265560 -21.477710 70.641533
-2.486719 92.915770 -21.748162 73.663782
-2.649588 95.352060 -21.968209 76.006997
-2.827593 97.533080 -22.230253 78.188698
-2.992555 99.437370 -22.450582 80.197575
-3.132396 101.119600 -22.627572 81.891267
-3.196722 102.604300 -22.703578 83.382233
-3.182672 103.907400 -22.682002 84.569512
-3.061832 105.116200 -22.555365 85.880717
-2.813888 106.240500 -22.296393 87.085378
-2.431748 107.285400 -21.921814 88.173782
-1.921488 108.234600 -21.451538 89.036617
-1.282825 109.049600 -20.763182 89.965402
-0.530716 109.791000 -19.920393 90.786882
0.374458 110.404000 -18.890316 91.464107
1.408134 110.856700 -17.784297 91.961183
2.533142 111.185100 -16.455257 92.366704
3.783818 111.364400 -15.009553 92.560651
5.173439 111.489500 -13.371185 92.739226
6.728517 111.518300 -11.477114 92.812595
8.447661 111.482200 -9.477402 92.852668
10.365340 111.411600 -7.141711 92.868748
12.440570 111.376600 -4.812070 92.895841
14.658270 111.336300 -2.288992 92.942656
16.980990 111.294300 0.411607 92.987940
19.371510 111.225100 3.244077 93.030745
21.827520 111.168600 6.109717 93.069752
24.338230 111.128000 9.027166 93.105699
26.865460 111.086600 11.941720 93.137710
29.340250 111.018500 14.841158 93.187201
31.824380 110.949500 17.688283 93.237374
34.255590 110.895700 20.523036 93.285806
36.655720 110.832300 23.136511 93.280406
39.023530 110.760300 25.836014 93.277990
41.348270 110.661800 28.449013 93.241386
43.625630 110.563400 31.079259 93.233448
45.778700 110.472200 33.411291 93.211300
47.871130 110.381700 35.796895 93.173505
49.939530 110.289100 38.032837 93.162480
51.971720 110.194600 40.307451 93.119054
53.966400 110.084400 42.495003 93.048055
55.968740 109.922700 44.687804 92.932780
58.012520 109.724900 47.058157 92.781750
60.142410 109.502900 49.337893 92.623484
62.329410 109.265100 51.891233 92.409915
64.563430 109.013700 54.355906 92.238705
66.805840 108.790700 56.898669 92.064448
69.024790 108.566800 59.327748 91.862363
71.274060 108.316000 61.860787 91.645744
73.551630 108.056300 64.390621 91.427213
75.878910 107.783000 66.951978 91.188179
78.249380 107.482800 69.564351 90.900958
80.656160 107.159100 72.244174 90.602949
83.128450 106.823200 74.969347 90.311177
85.650170 106.498800 77.780803 90.052139
88.195570 106.179900 80.566167 89.802643
90.756270 105.878900 83.362428 89.547735
93.347120 105.574100 86.136646 89.306545
95.936460 105.267700 88.968300 89.068628
98.498850 104.969700 91.758773 88.854463
101.043100 104.696300 94.483008 88.647946
103.535900 104.414000 97.196369 88.417010
105.990700 104.117400 99.845456 88.179512
108.401400 103.830100 102.449253 87.934902
110.756600 103.530500 104.989884 87.694662
113.078300 103.210700 107.500115 87.422246
115.356600 102.887000 109.980619 87.136883
117.639100 102.533100 112.441463 86.820790
119.873200 102.178000 114.832366 86.522962
122.079200 101.811900 117.202375 86.203271
124.272600 101.407700 119.562912 85.847671
126.424700 100.975200 121.863715 85.436929
128.537100 100.456100 124.094169 84.929227
130.617700 99.856810 126.303513 84.377195
132.667800 99.216070 128.476035 83.737214
134.687400 98.553530 130.632294 83.104956
136.660100 97.926510 132.671403 82.585276
138.607400 97.314350 134.703936 82.038726
140.503400 96.738880 136.589114 81.472062
142.369000 96.204360 138.639276 81.072106
144.202100 95.695640 140.514878 80.639556
145.980300 95.244100 142.287767 80.275322
147.725300 94.841610 144.132901 79.914227
149.451200 94.497860 145.778299 79.713769
151.160400 94.251030 147.514042 79.584348
152.853900 94.142140 149.222839 79.593829
154.532700 94.132680 150.988331 79.674127
156.196500 94.120650 152.602232 79.668158
157.821400 94.007330 154.287307 79.583895
159.401200 93.838200 155.743150 79.418290
160.938600 93.578160 157.330280 79.175047
162.417600 93.276270 158.846404 78.892230
163.854200 92.938740 160.027017 78.631981
165.277700 92.622550 161.611276 78.307443
166.674900 92.299640 162.749314 78.084473
168.125300 91.946090 164.067984 77.767460
169.638900 91.526300 165.781329 77.331472
171.214100 91.062420 167.114230 76.974356
172.836600 90.569120 168.590247 76.573160
174.480800 90.035230 170.425754 76.053737
176.115700 89.513510 171.806861 75.682784
177.736600 89.009020 173.613277 75.168746
179.315600 88.539550 174.936945 74.843982
180.808000 88.123170 176.554797 74.458765
182.185700 87.753480 177.486647 74.212613
183.432400 87.482040 178.835477 73.969966
184.623100 87.293670 179.556695 73.953746
185.803900 87.231550 180.851417 73.960568
186.952000 87.297830 181.851360 74.087073
188.068600 87.451920 182.849182 74.329999
189.154900 87.728640 183.723208 74.633505
190.233600 88.157250 184.781671 75.187013
191.320100 88.781620 185.733109 75.821646
192.410500 89.600550 186.739774 76.728661
193.454200 90.684490 187.700949 77.862770
194.437900 91.988930 188.904630 79.618437
195.378100 93.548950 189.755641 81.276913
196.271500 95.327110 190.633070 83.327693
197.137400 97.277400 191.342053 85.214884
197.949900 99.411050 192.174841 87.760330
198.716100 101.702700 192.938806 90.284374
199.516800 104.092500 193.717670 92.865318
200.371000 106.590800 194.497290 95.426731
201.252400 109.169500 195.351813 98.334397
202.151000 111.754400 196.261306 101.152828
203.059200 114.350500 197.186414 104.128959
203.983900 117.000400 198.071867 106.994349
204.857600 119.562000 198.874767 109.655405
205.735000 122.179100 199.752092 112.517281
206.598600 124.790300 200.560435 115.377730
207.440900 127.377400 201.415181 118.382583
208.242800 129.908400 202.136151 120.877731
208.997300 132.350000 202.907749 123.669620
209.687300 134.653600 203.447519 125.892791
210.315800 136.812600 204.054427 128.317874
210.853400 138.781000 204.528208 130.340808
211.314900 140.528100 204.905612 131.947584
211.724000 142.072000 205.262620 133.512232
212.087800 143.489600 205.602365 135.011339
212.418900 144.848700 205.863221 136.437341
212.644500 146.170800 206.002653 137.824164
212.735200 147.467000 205.978247 139.510215
212.655400 148.727700 205.733138 140.678827
212.394800 149.931200 205.332898 141.820963
211.967700 151.060900 204.812566 142.757155
211.327800 152.041400 204.065513 143.739457
210.570500 152.900300 203.112630 144.670429
209.690200 153.609600 202.135616 145.245693
208.709700 154.127900 200.996106 145.670663
207.628600 154.446600 199.810142 145.928940
206.514300 154.663600 198.577205 146.074188
205.342600 154.839800 197.021202 146.222928
204.054700 154.916400 195.706794 146.228483
202.653200 155.003000 193.794733 146.296257
201.071000 155.004800 192.047903 146.128664
199.317900 154.934200 189.657742 145.991887
197.401000 154.857200 187.611105 145.811873
195.316900 154.772000 184.732202 145.625302
193.070500 154.750200 182.352830 145.528138
190.668800 154.808600 179.018405 145.538123
188.123400 154.966400 175.785157 145.680175
185.505500 155.209900 172.841423 145.942158
182.877200 155.502600 169.392679 146.116149
180.229400 155.806300 166.228577 146.358978
177.558300 156.111000 163.012610 146.612268
174.880600 156.428400 159.414018 146.859944
172.210900 156.745600 157.000472 147.046443
169.531800 157.057600 153.472571 147.292576
166.857300 157.367500 149.967633 147.554450
164.166400 157.687700 147.694839 147.732032
161.543900 158.015100 143.344614 148.083521
158.917500 158.348300 141.708274 148.215486
156.307000 158.685700 138.256004 148.474031
153.701700 159.029500 135.300682 148.748220
151.074500 159.379400 131.888788 149.064443
148.417600 159.744000 129.384093 149.338422
145.726100 160.131500 124.965054 149.743591
143.006700 160.516800 123.809835 149.828677
140.244900 160.894500 120.700197 150.159950
137.441200 161.249200 117.086308 150.393911
134.595200 161.560200 113.889098 150.546969
131.711200 161.840600 111.258838 150.742975
128.789000 162.129400 108.093498 150.904098
125.847000 162.402500 104.424857 151.092273
122.922800 162.662800 101.276013 151.201307
120.011500 162.917000 98.715806 151.386104
117.096200 163.164900 95.037081 151.575405
114.183400 163.417600 92.513389 151.720311
111.271300 163.676400 88.864713 151.883078
108.360000 163.930000 86.311203 152.014230
105.444700 164.185400 81.493870 152.270761
102.540700 164.434900 80.186270 152.321638
99.644400 164.672400 76.548590 152.479980
96.744730 164.928100 71.840268 152.823666
93.849290 165.223100 70.547231 152.884681
90.952140 165.530200 68.127877 153.014531
88.065380 165.851200 63.353717 153.341379
85.150470 166.191600 61.467048 153.510708
82.242610 166.531500 56.635460 153.924375
79.311830 166.862600 51.853604 154.291908
76.393260 167.201900 51.781492 154.261669
73.438700 167.538900 49.890414 154.380066
70.485150 167.863400 46.802833 154.590733
67.519840 168.167700 43.805598 154.745806
64.540850 168.441900 40.145890 154.937337
61.540400 168.697200 37.694453 155.018638
58.537190 168.941400 34.621573 155.195548
55.533930 169.185000 30.932714 155.360978
52.543330 169.420200 28.539192 155.422901
49.571870 169.640200 24.916431 155.552954
46.635500 169.839600 22.612257 155.592813
43.710130 170.017100 19.037314 155.695393
40.823360 170.176600 15.567814 155.746842
37.953040 170.328300 13.881128 155.773743
35.132860 170.473500 10.508214 155.828932
32.385260 170.602800 8.415336 155.848351
29.704360 170.713400 4.000844 155.850860
27.093420 170.807100 3.225332 155.857328
24.583170 170.877300 0.320735 155.868137
22.209330 170.937800 -1.482901 155.846356
19.944280 171.027800 -4.188567 155.884266
17.748010 171.142200 -5.796381 155.938313
15.606760 171.273100 -7.857857 155.992029
13.545460 171.403600 -10.223775 156.045449
11.568070 171.540200 -11.786190 156.108942
9.709170 171.687300 -13.921040 156.223997
7.998637 171.853700 -15.858987 156.348558
6.432635 172.024100 -16.621812 156.447023
4.995356 172.227700 -18.582832 156.653740
3.674361 172.460800 -20.399506 156.916832
2.475555 172.738700 -20.381211 157.033592
1.394096 173.060700 -21.384174 157.332915
0.435287 173.448800 -22.302962 157.696266
-0.481995 173.905100 -23.522165 158.287680
-1.324858 174.456900 -24.717930 159.012805
-2.065394 175.091700 -24.679627 159.235942
-2.762100 175.808500 -25.684648 160.300104
-3.408457 176.720100 -26.159611 161.157772
-3.994755 177.763900 -26.602407 162.058348
-4.506015 178.951500 -27.181770 163.368552
-4.930925 180.367000 -27.681307 165.228966
-5.212692 181.952900 -28.008854 167.412434
-5.351521 183.714600 -27.985314 168.650651
-5.392321 185.625500 -28.075261 170.832439
-5.387940 187.682900 -28.118781 173.640363
-5.372151 189.871900 -28.202775 176.667307
-5.386586 192.193400 -28.298531 178.100177
-5.406023 194.585200 -28.375576 180.728592
-5.440439 197.017600 -28.595304 183.922293
-5.475977 199.456500 -28.721245 185.960222
-5.514842 201.934200 -28.883538 188.674088
-5.560062 204.406700 -28.990603 191.305599
-5.616804 206.863600 -29.152796 193.935283
-5.692115 209.294100 -29.370017 197.138089
-5.775682 211.678200 -29.567929 199.621625
-5.860771 213.990100 -29.769423 202.586146
-5.940900 216.159300 -29.962926 204.148641
-6.023283 218.169400 -30.152521 206.624193
-6.114588 220.000600 -30.211772 207.393729
-6.209081 221.641100 -30.347105 209.034918
-6.290085 223.094700 -30.533200 210.790346
-6.323739 224.427000 -30.563690 211.852467
-6.274326 225.732300 -30.479657 213.213864
-6.132258 226.985000 -30.254514 214.841130
-5.842543 228.167200 -29.863168 216.033316
-5.392446 229.278300 -29.349988 217.107269
-4.842747 230.275700 -28.740391 218.141503
-4.162700 231.192700 -27.895703 219.101531
-3.339169 232.032200 -27.183334 219.714499
-2.397566 232.795000 -26.061574 220.463621
-1.278517 233.345000 -24.431237 221.331484
0.002398 233.849400 -22.915521 221.750956
1.451824 234.167300 -21.182753 222.096937
3.063341 234.394700 -19.217385 222.371329
4.818404 234.521700 -17.628177 222.406774
6.718857 234.529500 -14.818194 222.510055
8.771869 234.476900 -13.007136 222.429418
10.950050 234.353500 -8.601209 222.386745
13.283690 234.242600 -7.101689 222.392766
15.698180 234.114100 -5.135428 222.374207
18.109840 234.011200 -1.815172 222.341112
20.538930 233.937000 0.964147 222.453750
23.000350 233.896100 3.646545 222.511390
25.454510 233.895700 8.662107 222.650580
27.927720 233.889300 9.874897 222.680280
30.407900 233.872000 12.663936 222.756459
32.882140 233.853600 13.775072 222.746988
35.338500 233.829000 17.230511 222.805244
37.779520 233.790500 19.116418 222.823462
40.179400 233.727500 21.706886 222.870800
42.552300 233.662400 24.942465 222.937310
44.907840 233.595600 26.809529 222.909201
47.226940 233.520600 30.002558 222.927492
49.522840 233.434600 31.779018 222.924922
51.803140 233.370200 34.211549 222.941341
54.049950 233.306500 38.661434 222.974715
56.280590 233.226500 38.968283 222.975588
58.445580 233.147900 41.940285 222.957880
60.619970 233.086700 44.267974 222.973540
62.750480 233.037500 46.475352 223.012966
64.846290 232.998000 48.764306 223.071812
66.907940 232.934300 50.927940 223.070135
68.927460 232.866900 53.031203 223.088855
70.887740 232.814900 55.114723 223.094540
72.825750 232.758300 57.149849 223.142124
74.737930 232.699000 59.202642 223.159471
76.618370 232.622200 61.117787 223.142616
78.487810 232.513200 63.756924 223.068402
80.415420 232.376500 64.654557 223.020043
82.423060 232.187700 66.921156 222.922480
84.524370 231.969700 69.854260 222.696140
86.709120 231.699600 71.636360 222.511599
89.024130 231.380400 74.907187 222.177023
91.467840 231.021200 76.827367 222.029797
94.024580 230.649200 79.681388 221.700398
96.704300 230.258000 82.636997 221.455472
99.500260 229.890100 85.689396 221.167866
102.390800 229.569300 89.722837 220.909058
105.358500 229.285100 92.910937 220.843856
108.344900 229.013100 97.045579 220.681828
111.363200 228.734900 100.301822 220.554233
114.373200 228.477600 103.506074 220.413772
117.360000 228.229400 105.774296 220.348425
120.339400 228.001300 109.786060 220.254366
123.309400 227.796900 111.166145 220.218647
126.241200 227.623100 116.998901 220.219325
129.151600 227.477500 117.434541 220.212421
132.012600 227.318900 120.403201 220.141843
134.854400 227.154700 124.273327 220.084330
137.658300 226.984100 126.383357 219.991861
140.441600 226.780700 130.214130 219.879660
143.209300 226.535400 132.263998 219.771706
145.977400 226.238300 135.255527 219.548756
148.746000 225.862600 139.004493 219.143668
151.518600 225.402500 141.999209 218.741113
154.265800 224.858900 145.850548 217.950935
157.017900 224.208100 148.769380 217.329886
159.770300 223.494500 149.978512 217.034341
162.519400 222.782200 152.955477 216.435740
165.292700 222.111000 156.790179 215.783493
168.051700 221.507000 158.821139 215.513970
170.813300 220.973200 162.681279 214.975404
173.565300 220.491000 164.732021 214.749730
176.245800 220.043100 168.393823 214.356818
178.818800 219.633700 170.226192 214.115901
181.257200 219.251600 173.562537 213.730674
183.679400 218.884000 175.485199 213.528540
186.086900 218.497600 178.830503 213.102155
188.454700 218.100200 180.501265 212.935753
190.804000 217.716300 183.849069 212.563188
193.140800 217.373500 186.314144 212.335926
195.432100 217.054600 187.842722 212.203715
197.727600 216.759200 190.961087 211.963593
199.972100 216.485600 193.872165 211.759512
202.098700 216.237900 194.493350 211.710155
204.042400 215.996300 196.283513 211.596317
205.749800 215.775100 197.863735 211.468747
207.241200 215.583400 200.549152 211.182551
208.613300 215.379500 201.545520 211.208237
209.946100 215.165400 201.745573 211.061150
211.132200 214.943200 204.052112 210.768879
212.136600 214.744800 204.138627 210.760388
213.062500 214.534600 205.996160 210.423421
213.959300 214.314400 205.885262 210.410290
214.824000 214.088800 207.653288 210.048827
215.687900 213.834700 207.705854 210.005989
216.575000 213.526600 209.664737 209.436997
217.490900 213.157600 209.960443 209.198541
218.457300 212.700900 210.390655 208.970896
219.480700 212.125200 211.479952 208.297336
220.511700 211.370900 213.864124 206.735568
221.550800 210.459100 213.718308 206.457690
222.555600 209.363300 215.145867 204.839819
223.474400 208.082600 215.706716 203.852825
224.312800 206.641100 216.963363 201.685924
225.044800 205.038200 217.358303 200.467545
225.610700 203.260200 217.937644 198.467385
225.969900 201.350200 218.402478 195.641293
226.110100 199.367200 218.489021 193.328867
226.043000 197.305000 218.414136 188.495565
225.807700 195.159800 217.986151 189.374950
225.430000 192.956900 217.578890 186.892078
224.916600 190.707600 216.875628 183.515246
224.270500 188.432400 215.925812 180.020964
223.514900 186.121900 215.109492 177.380442
222.660400 183.771100 213.316250 171.756053
221.783100 181.391000 213.281440 172.031928
220.891900 178.998600 213.076298 171.350280
220.021400 176.587400 212.307201 168.672375
219.223500 174.200300 211.602562 166.062633
218.482200 171.834800 211.004479 163.484538
217.818500 169.568700 210.433205 161.130508
217.216600 167.458800 209.919471 158.858847
216.650700 165.491600 208.862470 154.481436
216.110800 163.682800 208.577367 153.548071
215.577800 162.017400 208.256127 152.809920
214.999400 160.430000 207.859459 151.630874
214.344800 158.975700 206.421029 148.379297
213.573800 157.662600 204.776934 145.334788
212.660500 156.532700 204.722890 147.054778
211.582500 155.560200 203.423324 146.230628
210.426600 154.805400 202.559482 145.876103
209.163000 154.246200 199.268449 144.347736
207.764200 153.857100 199.447837 144.935777
206.280800 153.652300 197.648582 144.750237
204.678000 153.573200 195.682628 144.724286
202.976300 153.576200 193.655561 144.616576
201.140400 153.649700 191.397688 144.635759
199.175800 153.795100 186.228442 144.885076
197.094000 154.001100 186.457640 144.928282
194.884400 154.205500 182.690048 145.079611
192.560300 154.427500 180.899687 145.216574
190.124200 154.677200 176.630503 145.448623
187.577500 154.946500 173.462584 145.651344
184.929000 155.250800 172.701687 145.787836
182.198300 155.594600 169.376861 146.049835
179.402300 155.944800 165.942152 146.328108
176.570000 156.287200 162.074247 146.627960
173.734500 156.623600 159.436326 146.822152
170.901000 156.954000 155.575530 147.117738
168.081500 157.295300 152.626553 147.349240
165.284900 157.640900 149.390185 147.630590
162.507400 157.987500 146.554242 147.863027
159.747400 158.333400 142.969753 148.159277
156.984600 158.680600 139.369155 148.450100
154.216200 159.032100 136.977311 148.622913
151.439500 159.399800 134.199792 148.913608
148.640500 159.792600 131.810907 149.149685
145.813800 160.206400 127.382228 149.609272
142.963600 160.610300 123.720778 149.960770
140.057000 160.997100 121.274609 150.178866
137.092200 161.347900 117.917929 150.396489
134.059200 161.649400 114.065897 150.603174
130.993600 161.935400 111.495090 150.726720
127.858900 162.233700 107.532857 150.935540
124.683800 162.520100 104.943602 151.065274
121.492100 162.798700 100.949294 151.249554
118.297400 163.082000 96.981172 151.451738
115.103400 163.377800 93.906717 151.603799
111.913100 163.672600 89.917784 151.809387
108.723500 163.966800 86.868122 151.968707
105.531500 164.253700 83.809277 152.131281
102.343500 164.537500 79.856934 152.310701
99.161640 164.825900 77.282423 152.466088
95.959550 165.164700 75.638238 152.599115
92.746890 165.547500 70.778378 153.019150
89.526460 165.956000 68.199752 153.282910
86.297890 166.381500 65.554428 153.549656
83.033610 166.817100 60.611898 154.005100
79.736970 167.238800 57.008423 154.350317
76.427180 167.629500 53.382843 154.615013
73.050320 167.986400 49.246116 154.884150
69.640860 168.315400 46.892542 154.977535
66.194370 168.637100 42.695527 155.211030
62.710330 168.931500 39.357554 155.360233
59.214430 169.199600 35.577837 155.489662
55.734640 169.446800 32.292820 155.553738
52.271980 169.681900 29.016703 155.630498
48.833520 169.903400 25.790851 155.699475
45.431860 170.116400 21.698111 155.820616
42.051610 170.315300 18.974090 155.861179
38.742450 170.482700 15.028632 155.896265
35.535340 170.629700 12.104594 155.893895
32.460880 170.758300 8.565677 155.915282
29.526980 170.862700 5.992411 155.891735
26.736320 170.955000 3.569481 155.865704
24.096640 171.032400 0.571286 155.855368
21.599520 171.132300 -1.614646 155.879206
19.316590 171.344600 -3.666438 155.969462
17.201760 171.658400 -6.856150 156.240524
15.089840 171.971500 -8.411457 156.550042
12.980420 172.284000 -10.206896 156.927274
10.872410 172.596000 -12.811913 157.034019
8.838192 172.907600 -14.447163 157.598167
7.132350 173.177000 -15.922853 157.404994
5.611287 173.387400 -17.946567 157.597939
4.309371 173.544500 -19.392197 158.122716
3.237420 173.651900 -19.738434 157.713820
2.375838 173.729600 -20.224334 157.728102
1.679549 173.799100 -21.164002 157.795231
1.056923 173.859600 -22.018157 157.821774
0.465217 173.909300 -22.204147 157.801628
-0.128030 173.962400 -23.044366 157.867098
-0.720230 174.003300 -23.860604 157.876931
-1.330594 174.023800 -23.920590 157.849313
-2.080426 174.055200 -25.055770 157.867778
-2.997577 174.094600 -25.864893 157.861879
-4.098643 174.120700 -26.958038 157.832437
-5.416520 174.168000 -28.925727 157.844876
-6.936037 174.228300 -30.172400 157.897818
-8.609358 174.340400 -31.694069 157.932475
-10.463980 174.413000 -34.396197 157.949183
-12.494230 174.495000 -36.010422 157.937551
-14.662590 174.544200 -37.931307 157.916442
-17.028510 174.612700 -39.881734 157.828581
-19.515490 174.656900 -42.351209 157.820407
-22.153150 174.694500 -45.888558 157.835023
-24.891700 174.736800 -47.500209 157.735016
-27.728470 174.787700 -50.229078 157.716874
-30.668830 174.869400 -53.507838 157.684179
-33.671140 174.970100 -56.016083 157.673482
-36.734690 175.074800 -59.365944 157.659460
-39.843610 175.165700 -61.968907 157.629370
-43.001160 175.252500 -65.383100 157.596328
-46.184910 175.351700 -67.954915 157.530572
-49.374400 175.443100 -71.335838 157.458614
-52.557440 175.526000 -73.928909 157.435981
-55.757590 175.616000 -77.394624 157.383563
-58.925860 175.702900 -80.839870 157.350562
-62.130070 175.804700 -82.993037 157.311271
-65.328080 175.907300 -85.992104 157.307108
-68.537660 176.003100 -89.062518 157.270702
-71.749230 176.080900 -92.581812 157.218810
-74.976500 176.145900 -95.688773 157.130140
-78.208790 176.218000 -98.646360 157.101647
-81.447070 176.257900 -103.078174 157.004238
-84.692180 176.290600 -105.257740 156.926310
-87.936790 176.288700 -109.601210 156.716412
-91.211290 176.258400 -110.487952 156.643204
-94.484440 176.204800 -113.570882 156.493488
-97.757000 176.121600 -117.096117 156.280962
-101.045200 176.004400 -119.762802 156.105414
-104.339000 175.862100 -123.298490 155.848348
-107.640300 175.694600 -125.925318 155.693879
-110.948600 175.520500 -130.380998 155.353047
-114.267700 175.326000 -133.118845 155.088294
-117.598500 175.123100 -136.242422 154.807034
-120.942600 174.923200 -138.476719 154.606639
-124.293900 174.718800 -142.052392 154.256483
-127.663000 174.505900 -145.690337 153.956515
-131.048900 174.295300 -147.975645 153.736354
-134.443100 174.072500 -151.145189 153.411716
-137.847200 173.848200 -154.823178 153.104554
-141.262000 173.635000 -158.080872 152.784775
-144.675300 173.415500 -162.695267 152.355850
-148.093400 173.189000 -164.006491 152.230469
-151.506600 172.967300 -167.649766 151.895114
-154.901800 172.728300 -170.384610 151.620619
-158.292900 172.494700 -174.004927 151.295871
-161.632200 172.250400 -176.702335 151.018045
-164.974900 172.022600 -180.254420 150.682944
-168.236000 171.803200 -182.868361 150.453321
-171.502400 171.597000 -187.304928 150.081546
-174.668300 171.359900 -189.726086 149.798112
-177.746400 171.132500 -191.831647 149.618483
-180.803200 170.903300 -195.094159 149.296164
-183.778700 170.687800 -197.527326 149.044829
-186.701500 170.475800 -200.637795 148.760821
-189.566000 170.268000 -203.002466 148.528527
-192.391300 170.070600 -206.019140 148.248365
-195.149900 169.858100 -208.996229 147.950848
-197.876000 169.626400 -210.835357 147.714917
-200.552400 169.372500 -213.394743 147.415323
-203.199000 169.063700 -215.882887 146.936255
-205.787000 168.703000 -219.280568 146.361492
-208.326100 168.290400 -220.780340 146.083929
-210.824000 167.881700 -223.486509 145.591254
-213.258300 167.488200 -225.473538 145.249709
-215.584000 167.155500 -228.023974 144.871591
-217.825600 166.951000 -229.849022 144.725988
-219.976700 166.840100 -232.648559 144.521628
-222.030600 166.826400 -234.231547 144.513621
-223.989000 166.912900 -235.542067 144.635988
-225.824600 167.087900 -237.962177 144.839670
-227.550100 167.325800 -239.060875 145.001136
-229.178200 167.608800 -241.193951 145.327024
-230.692700 167.920100 -242.146731 145.550599
-232.121600 168.192100 -243.443728 145.736021
-233.453600 168.409000 -244.446206 145.800083
-234.669500 168.528300 -246.046717 145.906234
-235.786800 168.548000 -246.401936 145.759540
-236.809500 168.431800 -247.770459 145.553162
-237.749100 168.202200 -248.119535 145.284289
-238.622500 167.871000 -249.236200 144.752395
-239.423500 167.439100 -249.656018 144.419574
-240.167900 166.948100 -250.600530 143.724066
-240.836500 166.406300 -250.976493 143.402294
-241.484000 165.802100 -251.876013 142.585615
-242.133500 165.204600 -252.794040 141.748908
-242.760700 164.564800 -252.808684 141.625394
-243.373200 163.846400 -253.661683 140.604418
-243.956600 163.041100 -254.060864 139.887486
-244.490700 162.132200 -254.517490 139.025909
-244.987900 161.116800 -255.046970 137.772765
-245.418700 159.925400 -255.496003 136.404909
-245.815100 158.551700 -255.878172 134.809818
-246.200000 156.991700 -256.308133 133.012318
-246.613900 155.230000 -256.760442 130.670217
-246.967700 153.214300 -256.972296 128.853934
-247.267000 150.943600 -257.228503 126.224795
-247.521500 148.451900 -257.466843 123.328201
-247.763400 145.749400 -257.740263 119.248247
-248.018000 142.841100 -257.855979 117.055439
-248.277200 139.720500 -258.117798 113.540532
-248.523100 136.389500 -258.386242 108.346773
-248.773200 132.870500 -258.534250 106.071270
-249.015800 129.335700 -258.695965 101.828316
-249.218400 125.814900 -258.865486 98.142113
-249.397800 122.286300 -259.026011 94.451660
-249.565200 118.755000 -259.098594 90.659212
-249.697400 115.238200 -259.162446 85.479143
-249.820200 111.741900 -259.220768 84.002020
-249.943300 108.268400 -259.289758 79.891638
-250.044800 104.815000 -259.265420 76.924320
-250.125300 101.386800 -259.325112 72.808608
-250.189300 97.986010 -259.339931 69.348381
-250.244000 94.598780 -259.307457 65.820433
-250.305600 91.259170 -259.386107 62.416598
-250.400100 87.936680 -259.508900 59.006955
-250.549700 84.645240 -259.553703 55.650996
-250.690200 81.356670 -259.601443 52.445658
-250.847000 78.103800 -259.752585 49.199764
-251.020300 74.824490 -259.912928 45.788167
-251.181200 71.549630 -260.020482 42.458509
-251.353200 68.299410 -260.158470 39.162820
-251.504400 65.068130 -260.208302 35.952816
-251.635100 61.852520 -260.262048 32.687762
-251.747700 58.661860 -260.399795 29.380960
-251.845300 55.489840 -260.421179 26.206530
-251.935900 52.343660 -260.408654 23.123205
-252.030900 49.220080 -260.536560 18.356400
-252.144000 46.116710 -260.512721 17.482727
-252.285100 43.039160 -260.648555 13.805478
-252.447800 39.988030 -260.738700 10.811185
-252.625400 36.956390 -260.886824 7.410451
-252.810700 33.954820 -261.014464 4.415962
-252.984400 30.978070 -261.068630 2.516526
-253.097600 28.028950 -261.063042 -0.942666
-253.116300 25.101150 -260.993755 -3.255134
-253.041100 22.203360 -260.785708 -6.567297
-252.848100 19.324220 -260.536995 -8.905033
-252.488000 16.480910 -260.000281 -11.663140
-251.943700 13.650460 -259.383291 -14.432237
-251.206200 10.846250 -258.067559 -18.679958
-250.269300 8.064427 -257.068260 -20.898382
-249.119400 5.314832 -255.758193 -23.482122
-247.746000 2.616861 -254.690880 -25.105398
-246.166100 -0.017969 -253.030182 -27.702132
-244.406300 -2.619939 -251.175322 -30.234407
-242.507000 -5.201607 -248.858333 -33.226064
-240.543700 -7.805212 -247.188154 -35.351988
-238.527600 -10.441420 -244.728293 -38.509478
-236.482900 -13.102670 -242.595934 -41.091222
-234.463000 -15.778320 -240.545384 -43.754073
-232.508700 -18.481870 -238.549025 -46.504112
-230.631700 -21.211600 -237.045156 -48.732636
-228.850200 -23.973140 -235.280173 -51.579779
-227.120500 -26.731510 -233.466229 -54.325332
-225.420200 -29.466820 -231.769124 -56.923675
-223.756600 -32.175260 -228.119021 -62.731984
-222.113500 -34.852880 -227.725494 -63.294532
-220.503000 -37.487790 -226.126619 -65.810601
-218.945600 -40.020000 -225.332732 -67.102052
-217.473700 -42.350380 -222.920199 -70.708655
-216.081800 -44.449900 -221.355440 -72.788243
-214.778200 -46.310220 -221.383389 -72.635835
-213.569900 -47.963370 -220.327259 -74.026188
-212.469800 -49.406600 -219.046454 -75.602419
-211.402700 -50.703570 -218.093792 -76.716992
-210.350300 -51.866650 -217.389890 -77.434520
-209.329000 -52.882180 -216.225725 -78.447246
-208.342100 -53.712810 -215.332157 -79.044650
-207.433900 -54.314810 -213.989951 -79.827748
-206.639200 -54.750770 -213.741644 -79.838796
-205.846700 -55.112410 -213.016424 -80.038670
-205.046500 -55.376850 -212.635603 -80.112923
-204.238300 -55.572130 -211.667187 -80.289354
-203.340400 -55.720010 -210.576444 -80.440460
-202.343700 -55.812630 -210.014373 -80.396863
-201.230000 -55.831900 -208.586208 -80.354696
-199.966900 -55.727910 -207.534894 -80.189411
-198.511800 -55.515700 -205.651809 -79.819462
-196.896300 -55.177990 -203.969102 -79.368393
-195.101200 -54.675310 -201.646223 -78.587773
-193.144500 -53.980020 -199.590402 -77.618629
-191.089500 -53.059560 -198.638621 -76.968115
-188.959500 -51.870660 -194.805499 -74.624742
-186.748300 -50.457590 -194.309253 -74.117663
-184.446800 -48.882240 -191.279233 -71.974733
-181.997000 -47.211720 -189.499057 -70.701025
-179.497700 -45.532110 -186.184740 -68.478938
-176.845100 -43.764640 -184.234105 -67.182457
-174.079200 -41.951340 -180.665699 -64.748660
-171.182700 -40.094050 -178.518690 -63.383257
-168.181500 -38.252180 -174.703021 -61.148463
-165.080700 -36.437440 -171.607065 -59.254358
-161.936900 -34.664440 -167.552546 -57.039773
-158.730900 -32.961050 -166.257332 -56.345689
-155.498500 -31.326070 -162.118136 -54.255455
-152.284900 -29.754520 -159.972346 -53.150289
-149.069300 -28.182760 -155.862748 -51.100868
-145.857700 -26.612150 -153.809222 -50.041927
-142.641000 -25.057000 -149.735941 -47.956152
-139.402500 -23.486330 -147.580992 -46.878485
-136.173000 -21.934650 -143.529800 -44.901708
-132.945300 -20.377060 -141.436748 -43.847824
-129.754900 -18.849320 -137.443223 -41.788011
-126.594800 -17.311780 -134.408480 -40.284758
-123.481600 -15.777190 -130.545406 -38.191072
-120.382000 -14.275260 -128.563848 -37.308482
-117.290900 -12.878730 -125.629735 -36.059110
-114.140500 -11.587510 -122.693563 -34.892531
-110.985900 -10.399830 -120.624451 -34.157372
-107.823700 -9.243398 -114.847366 -31.939877
-104.639900 -8.124757 -114.603746 -31.955704
-101.445300 -7.020636 -110.592884 -30.436607
-98.266820 -5.927679 -107.601806 -29.382753
-95.057020 -4.924307 -101.660997 -27.535966
-91.816180 -3.988153 -102.326721 -27.899932
-88.560330 -3.139167 -98.203633 -26.764152
-85.275670 -2.357662 -96.011353 -26.294147
-81.984180 -1.642797 -91.864953 -25.319914
-78.695610 -0.956720 -89.626831 -24.857723
-75.422800 -0.300680 -85.488647 -23.908048
-72.166360 0.319994 -83.325187 -23.526088
-68.928530 0.923302 -79.274831 -22.683380
-65.700550 1.500442 -77.091085 -22.295745
-62.489590 2.047975 -73.082646 -21.561351
-59.295260 2.577472 -70.103974 -20.984015
-56.128970 3.091711 -67.107492 -20.495440
-52.988540 3.575444 -61.398427 -19.480905
-49.868360 4.040344 -60.204887 -19.387382
-46.776300 4.464286 -58.090298 -19.107622
-43.712180 4.856902 -55.119284 -18.697652
-40.666360 5.223322 -53.104043 -18.393069
-37.689290 5.564962 -50.313751 -18.022402
-34.786240 5.888495 -46.830818 -17.578132
-31.996720 6.190015 -44.964555 -17.305462
-29.296910 6.465571 -41.754587 -16.891408
-26.720990 6.720779 -40.209728 -16.702225
-24.320240 6.954131 -37.438359 -16.407573
-22.089310 7.159574 -35.405671 -16.161918
-20.016680 7.362635 -33.572532 -15.980159
-18.106820 7.551445 -32.412344 -15.828762
-16.337750 7.702083 -29.307249 -15.478160
-14.726050 7.819683 -28.503211 -15.404865
-13.313500 7.930153 -27.415170 -15.317933
-12.128270 8.022018 -26.537434 -15.228134
-11.139240 8.100664 -24.862521 -15.040572
-10.287410 8.195045 -25.142852 -15.004104
-9.518219 8.309922 -24.740914 -14.878505
-8.789252 8.478175 -23.472588 -14.514567
-8.149181 8.669320 -22.515420 -14.211201
-7.829442 8.769976 -22.196713 -14.094572
-7.799252 8.787461 -22.230279 -14.106877
-7.813018 8.786625 -22.226215 -14.112373
-7.809395 8.788143 -22.243795 -14.092898
-7.809451 8.779000 -22.225228 -14.096227
-7.809131 8.771007 -22.231553 -14.095888
-7.804822 8.762953 -22.228533 -14.098992
-7.800766 8.755551 -22.227748 -14.096495
-7.795082 8.750163 -22.228781 -14.097744
-7.789514 8.745234 -22.216427 -14.123266
-7.784930 8.740517 -22.226585 -14.111002
-7.780166 8.734843 -22.219443 -14.120016
-7.775784 8.730871 -22.225363 -14.118679
-7.771600 8.726560 -22.221500 -14.118822
-7.768634 8.723581 -22.220869 -14.118989
-7.766879 8.721761 -22.220978 -14.117016
-7.765762 8.717584 -22.221287 -14.122701
-7.763983 8.714586 -22.221038 -14.125239
-7.763294 8.713489 -22.221209 -14.118011
-7.762963 8.712553 -22.226346 -14.109370
-7.763086 8.713488 -22.225030 -14.112756
-7.762455 8.714167 -22.231504 -14.116976
-7.753295 8.722145 -23.868632 -14.556300
-7.717107 8.742340 -22.120928 -14.051856
-7.658875 8.770779 -23.628955 -14.506336
-7.513039 8.836058 -23.265175 -14.359314
-7.175297 8.982757 -22.914987 -14.154764
-6.640897 9.236569 -22.258676 -13.799174
-5.930743 9.644152 -21.512047 -13.281519
-5.120740 10.257790 -20.735573 -12.549809
-4.260731 11.080700 -19.906234 -11.597578
-3.414512 12.135620 -19.162620 -10.395700
-2.599066 13.467900 -18.440162 -8.763797
-1.884998 15.083310 -17.827618 -6.956453
-1.260100 16.974890 -17.342066 -4.731517
-0.766019 19.117060 -16.940118 -1.679569
-0.469374 21.489410 -17.144777 -0.514359
-0.353107 24.066230 -17.126607 1.725079
-0.356192 26.850340 -17.235023 4.761819
-0.405744 29.836580 -17.372889 7.952548
-0.459357 33.017600 -17.521540 11.222047
-0.512628 36.392400 -17.687956 14.777739
-0.584304 39.835620 -17.863743 18.393681
-0.669138 43.283040 -18.068684 22.247489
-0.775721 46.706780 -18.282719 25.676552
-0.884520 50.132480 -18.491474 29.110212
-0.993630 53.521590 -18.741929 32.811491
-1.089707 56.883700 -18.953791 36.463294
-1.185006 60.248880 -19.170253 40.105741
-1.270319 63.565850 -19.365937 43.410233
-1.374798 66.868940 -19.593190 47.015960
-1.472152 70.155470 -19.795609 50.305636
-1.562229 73.416080 -19.997477 53.733562
-1.660434 76.636610 -20.197281 56.950538
-1.775229 79.852040 -20.452841 60.616662
-1.895797 83.032260 -20.657628 63.478646
-2.017852 86.185380 -20.909776 67.043334
-2.146481 89.329260 -21.159938 70.407739
-2.263400 92.442530 -21.393618 73.441706
-2.372203 95.538220 -21.558426 76.613546
-2.465941 98.605540 -21.864267 80.137897
-2.540211 101.651500 -21.904570 82.674840
-2.582148 104.696700 -22.141306 86.070367
-2.595436 107.674300 -22.165936 88.960604
-2.621977 110.691900 -22.330995 92.227309
-2.648827 113.786700 -22.436008 94.757111
-2.681214 116.967200 -22.540485 98.092938
-2.721440 120.204500 -22.688589 101.086687
-2.774777 123.506700 -22.901075 105.207829
-2.842109 126.902400 -23.120923 108.695895
-2.924595 130.351000 -23.362882 112.207094
-3.024507 133.819600 -23.614008 115.552221
-3.138966 137.262500 -23.899736 119.261122
-3.265946 140.693500 -24.124478 122.695733
-3.389718 144.095500 -24.344097 125.444032
-3.526115 147.467500 -24.615578 129.321013
-3.671472 150.775300 -24.845870 132.205491
-3.794318 154.003900 -25.192808 136.570684
-3.904131 157.172200 -25.416607 139.206408
-3.996788 160.276500 -25.626431 143.033896
-4.071651 163.334000 -25.796228 146.072807
-4.122556 166.368900 -26.009159 149.807788
-4.194278 169.380900 -26.223788 153.062506
-4.264263 172.440400 -26.437643 156.347322
-4.319751 175.547300 -26.614538 159.541748
-4.393173 178.705600 -26.798259 162.709250
-4.501446 181.892900 -27.093091 166.570908
-4.607667 185.156000 -27.306023 170.084104
-4.701222 188.477800 -27.504875 172.990725
-4.806531 191.849500 -27.776357 177.330884
-4.887285 195.207400 -28.027015 181.158696
-4.976513 198.565600 -28.280475 184.787830
-5.057617 201.890800 -28.496363 188.339282
-5.132018 205.179500 -28.714379 191.847752
-5.210165 208.394000 -28.887227 195.223121
-5.281372 211.451500 -29.076755 198.414712
-5.354878 214.365600 -29.240058 201.455076
-5.416052 217.205700 -29.392362 204.434930
-5.469074 220.014000 -29.548215 207.377929
-5.505322 222.798100 -29.665035 210.345759
-5.545023 225.571400 -29.789178 213.244101
-5.563610 228.337300 -29.881724 216.243069
-5.598680 231.130300 -30.056539 219.193526
-5.715519 233.992700 -30.316443 222.219578
-5.886862 236.912900 -30.621897 225.034302
-6.076718 239.911700 -30.912941 228.179382
-6.214931 243.011500 -31.199870 231.528898
-6.364206 246.210000 -31.526720 234.904978
-6.521044 249.542600 -31.746890 238.410491
-6.657659 252.972000 -32.053771 241.973514
-6.794881 256.491900 -32.345340 245.686043
-6.924264 260.026600 -32.706708 249.240218
-7.052122 263.522600 -32.999503 252.786450
-7.164917 266.998200 -33.273797 256.262415
-7.284815 270.457200 -33.506443 259.690506
-7.417194 273.852800 -33.793179 263.002705
-7.523524 277.174400 -34.076361 266.330902
-7.651625 280.358300 -34.361773 269.466402
-7.782923 283.414900 -34.598370 272.413321
-7.918403 286.315200 -34.821733 275.261514
-8.055697 289.119300 -35.087752 278.078841
-8.185460 291.911300 -35.340227 280.792985
-8.314789 294.668400 -35.599179 283.584712
-8.425515 297.433700 -35.791349 286.372196
-8.486769 300.239900 -35.946347 289.175839
-8.528132 303.087600 -36.110104 292.018401
-8.538802 306.012500 -36.237922 294.931817
-8.512542 309.030900 -36.335594 297.971390
-8.446156 312.111900 -36.401047 301.062278
-8.351900 315.297900 -36.446211 304.267403
-8.211642 318.520500 -36.433918 307.538090
-8.031870 321.816300 -36.337312 310.817753
-7.798255 325.179400 -36.236124 314.184721
-7.513710 328.583000 -36.122291 317.620508
-7.227060 332.070400 -36.004538 321.108414
-6.930360 335.644600 -35.860301 324.661361
-6.634241 339.252200 -35.751483 328.200224
-6.353320 342.849100 -35.618445 331.767218
-6.099343 346.409700 -35.560897 335.336654
-5.858059 349.945000 -35.449645 338.856890
-5.647279 353.444000 -35.343686 342.249758
-5.439992 356.885000 -35.283208 345.689344
-5.251048 360.315600 -35.287228 349.072592
-5.098453 363.671600 -35.254362 352.400910
-4.951017 366.989800 -35.256230 355.701667
-4.804541 370.256900 0.000000 0.000000
